"year","hgtyp1hh","pgcasmin","mean","median","n","ptile10","ptile25","ptile75","ptile90","ptile99","lowerci_mean","upperci_mean","min","max","lowerci_median","upperci_median"
"1990","(Married) couple without C.","(0) in school","","","","","","","","","","","","","",""
"1990","(Married) couple without C.","(1a) inadequately completed","4.7","5","81","4","5","5","5","5","4.54","4.86","2","5","5","5"
"1990","(Married) couple without C.","(1b) general elementary school","4.72","5","484","4","5","5","5","5","4.66","4.78","1","5","5","5"
"1990","(Married) couple without C.","(1c) basic vocational qualification","4.42","5","932","3","4","5","5","5","4.36","4.48","1","5","5","5"
"1990","(Married) couple without C.","(2a) intermediate vocational","4.37","5","366","3","4","5","5","5","4.28","4.46","1","5","4","5"
"1990","(Married) couple without C.","(2b) intermediate general qualification","4.37","5","56","3","4","5","5","5","4.13","4.61","2","5","5","5"
"1990","(Married) couple without C.","(2c_gen) general maturity certificate","4.24","4","41","3","4","5","5","5","3.99","4.49","3","5","4","5"
"1990","(Married) couple without C.","(2c_voc) vocational maturity certificate","4.34","5","120","3","4","5","5","5","4.16","4.52","2","5","4","5"
"1990","(Married) couple without C.","(3a) lower tertiary education","4.62","5","76","4","4","5","5","5","4.47","4.77","2","5","5","5"
"1990","(Married) couple without C.","(3b) higher tertiary education","4.6","5","120","4","4","5","5","5","4.49","4.71","3","5","5","5"
"1990","1-pers.-HH","(0) in school","","","","","","","","","","","","","",""
"1990","1-pers.-HH","(1a) inadequately completed","4.48","5","42","3","4","5","5","5","4.18","4.78","1","5","5","5"
"1990","1-pers.-HH","(1b) general elementary school","4.82","5","262","4","5","5","5","5","4.75","4.89","2","5","5","5"
"1990","1-pers.-HH","(1c) basic vocational qualification","4.43","5","310","3","4","5","5","5","4.32","4.54","1","5","5","5"
"1990","1-pers.-HH","(2a) intermediate vocational","4.48","5","156","3","4","5","5","5","4.34","4.62","2","5","5","5"
"1990","1-pers.-HH","(2b) intermediate general qualification","4.55","5","43","3","4","5","5","5","4.26","4.84","2","5","4","5"
"1990","1-pers.-HH","(2c_gen) general maturity certificate","4.34","4.54","33","3","4","5","5","5","4.04","4.64","2","5","4","5"
"1990","1-pers.-HH","(2c_voc) vocational maturity certificate","4.41","5","63","3","4","5","5","5","4.21","4.61","2","5","4","5"
"1990","1-pers.-HH","(3a) lower tertiary education","4.68","5","37","4","4","5","5","5","4.49","4.87","3","5","5","5"
"1990","1-pers.-HH","(3b) higher tertiary education","4.53","5","73","4","4","5","5","5","4.35","4.71","2","5","5","5"
"1990","Couple + C. GT 16 ","(0) in school","3.67","4","71","2","3","4","5","5","3.42","3.92","2","5","4","4"
"1990","Couple + C. GT 16 ","(1a) inadequately completed","4.37","5","156","3","4","5","5","5","4.24","4.5","2","5","5","5"
"1990","Couple + C. GT 16 ","(1b) general elementary school","4.38","5","445","3","4","5","5","5","4.29","4.47","1","5","5","5"
"1990","Couple + C. GT 16 ","(1c) basic vocational qualification","4.22","4","658","3","4","5","5","5","4.15","4.29","2","5","4","5"
"1990","Couple + C. GT 16 ","(2a) intermediate vocational","4.01","4","224","2","3","5","5","5","3.88","4.14","1","5","4","4"
"1990","Couple + C. GT 16 ","(2b) intermediate general qualification","3.81","4","128","2","3","4","5","5","3.64","3.98","2","5","4","4"
"1990","Couple + C. GT 16 ","(2c_gen) general maturity certificate","3.99","4","136","2","3","5","5","5","3.81","4.17","2","5","4","4"
"1990","Couple + C. GT 16 ","(2c_voc) vocational maturity certificate","3.86","4","72","2","3","5","5","5","3.61","4.11","2","5","4","4"
"1990","Couple + C. GT 16 ","(3a) lower tertiary education","4.11","4","40","2","4","5","5","5","3.8","4.42","2","5","4","5"
"1990","Couple + C. GT 16 ","(3b) higher tertiary education","4.3","4.39","72","3","4","5","5","5","4.09","4.51","2","5","4","5"
"1990","Couple + C. LE 16","(0) in school","","","","","","","","","","","","","",""
"1990","Couple + C. LE 16","(1a) inadequately completed","4.52","5","163","3","4","5","5","5","4.38","4.66","1","5","5","5"
"1990","Couple + C. LE 16","(1b) general elementary school","4.39","5","378","3","4","5","5","5","4.29","4.49","1","5","5","5"
"1990","Couple + C. LE 16","(1c) basic vocational qualification","4.25","4","768","3","4","5","5","5","4.18","4.32","1","5","4","5"
"1990","Couple + C. LE 16","(2a) intermediate vocational","4.28","5","358","3","4","5","5","5","4.19","4.37","2","5","4","5"
"1990","Couple + C. LE 16","(2b) intermediate general qualification","4.27","4","30","3","4","5","5","5","3.96","4.58","2","5","4","5"
"1990","Couple + C. LE 16","(2c_gen) general maturity certificate","4.3","4.42","55","3","4","5","5","5","4.06","4.54","2","5","5","5"
"1990","Couple + C. LE 16","(2c_voc) vocational maturity certificate","4.21","5","99","2","4","5","5","5","4","4.42","2","5","4","5"
"1990","Couple + C. LE 16","(3a) lower tertiary education","4.39","5","59","3","4","5","5","5","4.17","4.61","2","5","4","5"
"1990","Couple + C. LE 16","(3b) higher tertiary education","4.31","5","135","3","4","5","5","5","4.16","4.46","2","5","4","5"
"1990","Couple + C. LE and GT 16","(0) in school","3.64","4","62","2","3","4","5","5","3.38","3.9","2","5","4","4"
"1990","Couple + C. LE and GT 16","(1a) inadequately completed","4.67","5","120","4","5","5","5","5","4.51","4.83","1","5","5","5"
"1990","Couple + C. LE and GT 16","(1b) general elementary school","4.28","5","247","2","4","5","5","5","4.15","4.41","1","5","5","5"
"1990","Couple + C. LE and GT 16","(1c) basic vocational qualification","4.06","4","230","2","3","5","5","5","3.93","4.19","2","5","4","5"
"1990","Couple + C. LE and GT 16","(2a) intermediate vocational","4.09","4","71","3","3","5","5","5","3.87","4.31","2","5","4","5"
"1990","Couple + C. LE and GT 16","(2b) intermediate general qualification","4","4","49","2","3","5","5","5","3.69","4.31","2","5","4","5"
"1990","Couple + C. LE and GT 16","(2c_gen) general maturity certificate","","","","","","","","","","","","","",""
"1990","Couple + C. LE and GT 16","(2c_voc) vocational maturity certificate","","","","","","","","","","","","","",""
"1990","Couple + C. LE and GT 16","(3a) lower tertiary education","","","","","","","","","","","","","",""
"1990","Couple + C. LE and GT 16","(3b) higher tertiary education","","","","","","","","","","","","","",""
"1990","Single parent","(0) in school","","","","","","","","","","","","","",""
"1990","Single parent","(1a) inadequately completed","","","","","","","","","","","","","",""
"1990","Single parent","(1b) general elementary school","4.54","5","114","3","4","5","5","5","4.36","4.72","2","5","5","5"
"1990","Single parent","(1c) basic vocational qualification","4.16","5","143","2","3","5","5","5","3.98","4.34","2","5","4","5"
"1990","Single parent","(2a) intermediate vocational","4.09","4","44","2","4","5","5","5","3.74","4.44","1","5","4","5"
"1990","Single parent","(2b) intermediate general qualification","4.17","4","32","2","4","5","5","5","3.8","4.54","2","5","4","5"
"1990","Single parent","(2c_gen) general maturity certificate","4.01","4","31","3","3","5","5","5","3.65","4.37","1","5","4","5"
"1990","Single parent","(2c_voc) vocational maturity certificate","","","","","","","","","","","","","",""
"1990","Single parent","(3a) lower tertiary education","","","","","","","","","","","","","",""
"1990","Single parent","(3b) higher tertiary education","","","","","","","","","","","","","",""
"1991","(Married) couple without C.","(0) in school","","","","","","","","","","","","","",""
"1991","(Married) couple without C.","(1a) inadequately completed","","","","","","","","","","","","","",""
"1991","(Married) couple without C.","(1b) general elementary school","","","","","","","","","","","","","",""
"1991","(Married) couple without C.","(1c) basic vocational qualification","","","","","","","","","","","","","",""
"1991","(Married) couple without C.","(2a) intermediate vocational","","","","","","","","","","","","","",""
"1991","(Married) couple without C.","(2b) intermediate general qualification","","","","","","","","","","","","","",""
"1991","(Married) couple without C.","(2c_gen) general maturity certificate","","","","","","","","","","","","","",""
"1991","(Married) couple without C.","(2c_voc) vocational maturity certificate","","","","","","","","","","","","","",""
"1991","(Married) couple without C.","(3a) lower tertiary education","","","","","","","","","","","","","",""
"1991","(Married) couple without C.","(3b) higher tertiary education","","","","","","","","","","","","","",""
"1991","1-pers.-HH","(0) in school","","","","","","","","","","","","","",""
"1991","1-pers.-HH","(1a) inadequately completed","","","","","","","","","","","","","",""
"1991","1-pers.-HH","(1b) general elementary school","","","","","","","","","","","","","",""
"1991","1-pers.-HH","(1c) basic vocational qualification","","","","","","","","","","","","","",""
"1991","1-pers.-HH","(2a) intermediate vocational","","","","","","","","","","","","","",""
"1991","1-pers.-HH","(2b) intermediate general qualification","","","","","","","","","","","","","",""
"1991","1-pers.-HH","(2c_gen) general maturity certificate","","","","","","","","","","","","","",""
"1991","1-pers.-HH","(2c_voc) vocational maturity certificate","","","","","","","","","","","","","",""
"1991","1-pers.-HH","(3a) lower tertiary education","","","","","","","","","","","","","",""
"1991","1-pers.-HH","(3b) higher tertiary education","","","","","","","","","","","","","",""
"1991","Couple + C. GT 16 ","(0) in school","","","","","","","","","","","","","",""
"1991","Couple + C. GT 16 ","(1a) inadequately completed","","","","","","","","","","","","","",""
"1991","Couple + C. GT 16 ","(1b) general elementary school","","","","","","","","","","","","","",""
"1991","Couple + C. GT 16 ","(1c) basic vocational qualification","","","","","","","","","","","","","",""
"1991","Couple + C. GT 16 ","(2a) intermediate vocational","","","","","","","","","","","","","",""
"1991","Couple + C. GT 16 ","(2b) intermediate general qualification","","","","","","","","","","","","","",""
"1991","Couple + C. GT 16 ","(2c_gen) general maturity certificate","","","","","","","","","","","","","",""
"1991","Couple + C. GT 16 ","(2c_voc) vocational maturity certificate","","","","","","","","","","","","","",""
"1991","Couple + C. GT 16 ","(3a) lower tertiary education","","","","","","","","","","","","","",""
"1991","Couple + C. GT 16 ","(3b) higher tertiary education","","","","","","","","","","","","","",""
"1991","Couple + C. LE 16","(0) in school","","","","","","","","","","","","","",""
"1991","Couple + C. LE 16","(1a) inadequately completed","","","","","","","","","","","","","",""
"1991","Couple + C. LE 16","(1b) general elementary school","","","","","","","","","","","","","",""
"1991","Couple + C. LE 16","(1c) basic vocational qualification","","","","","","","","","","","","","",""
"1991","Couple + C. LE 16","(2a) intermediate vocational","","","","","","","","","","","","","",""
"1991","Couple + C. LE 16","(2b) intermediate general qualification","","","","","","","","","","","","","",""
"1991","Couple + C. LE 16","(2c_gen) general maturity certificate","","","","","","","","","","","","","",""
"1991","Couple + C. LE 16","(2c_voc) vocational maturity certificate","","","","","","","","","","","","","",""
"1991","Couple + C. LE 16","(3a) lower tertiary education","","","","","","","","","","","","","",""
"1991","Couple + C. LE 16","(3b) higher tertiary education","","","","","","","","","","","","","",""
"1991","Couple + C. LE and GT 16","(0) in school","","","","","","","","","","","","","",""
"1991","Couple + C. LE and GT 16","(1a) inadequately completed","","","","","","","","","","","","","",""
"1991","Couple + C. LE and GT 16","(1b) general elementary school","","","","","","","","","","","","","",""
"1991","Couple + C. LE and GT 16","(1c) basic vocational qualification","","","","","","","","","","","","","",""
"1991","Couple + C. LE and GT 16","(2a) intermediate vocational","","","","","","","","","","","","","",""
"1991","Couple + C. LE and GT 16","(2b) intermediate general qualification","","","","","","","","","","","","","",""
"1991","Couple + C. LE and GT 16","(2c_gen) general maturity certificate","","","","","","","","","","","","","",""
"1991","Couple + C. LE and GT 16","(2c_voc) vocational maturity certificate","","","","","","","","","","","","","",""
"1991","Couple + C. LE and GT 16","(3a) lower tertiary education","","","","","","","","","","","","","",""
"1991","Couple + C. LE and GT 16","(3b) higher tertiary education","","","","","","","","","","","","","",""
"1991","Single parent","(0) in school","","","","","","","","","","","","","",""
"1991","Single parent","(1a) inadequately completed","","","","","","","","","","","","","",""
"1991","Single parent","(1b) general elementary school","","","","","","","","","","","","","",""
"1991","Single parent","(1c) basic vocational qualification","","","","","","","","","","","","","",""
"1991","Single parent","(2a) intermediate vocational","","","","","","","","","","","","","",""
"1991","Single parent","(2b) intermediate general qualification","","","","","","","","","","","","","",""
"1991","Single parent","(2c_gen) general maturity certificate","","","","","","","","","","","","","",""
"1991","Single parent","(2c_voc) vocational maturity certificate","","","","","","","","","","","","","",""
"1991","Single parent","(3a) lower tertiary education","","","","","","","","","","","","","",""
"1991","Single parent","(3b) higher tertiary education","","","","","","","","","","","","","",""
"1992","(Married) couple without C.","(0) in school","","","","","","","","","","","","","",""
"1992","(Married) couple without C.","(1a) inadequately completed","","","","","","","","","","","","","",""
"1992","(Married) couple without C.","(1b) general elementary school","","","","","","","","","","","","","",""
"1992","(Married) couple without C.","(1c) basic vocational qualification","","","","","","","","","","","","","",""
"1992","(Married) couple without C.","(2a) intermediate vocational","","","","","","","","","","","","","",""
"1992","(Married) couple without C.","(2b) intermediate general qualification","","","","","","","","","","","","","",""
"1992","(Married) couple without C.","(2c_gen) general maturity certificate","","","","","","","","","","","","","",""
"1992","(Married) couple without C.","(2c_voc) vocational maturity certificate","","","","","","","","","","","","","",""
"1992","(Married) couple without C.","(3a) lower tertiary education","","","","","","","","","","","","","",""
"1992","(Married) couple without C.","(3b) higher tertiary education","","","","","","","","","","","","","",""
"1992","1-pers.-HH","(0) in school","","","","","","","","","","","","","",""
"1992","1-pers.-HH","(1a) inadequately completed","","","","","","","","","","","","","",""
"1992","1-pers.-HH","(1b) general elementary school","","","","","","","","","","","","","",""
"1992","1-pers.-HH","(1c) basic vocational qualification","","","","","","","","","","","","","",""
"1992","1-pers.-HH","(2a) intermediate vocational","","","","","","","","","","","","","",""
"1992","1-pers.-HH","(2b) intermediate general qualification","","","","","","","","","","","","","",""
"1992","1-pers.-HH","(2c_gen) general maturity certificate","","","","","","","","","","","","","",""
"1992","1-pers.-HH","(2c_voc) vocational maturity certificate","","","","","","","","","","","","","",""
"1992","1-pers.-HH","(3a) lower tertiary education","","","","","","","","","","","","","",""
"1992","1-pers.-HH","(3b) higher tertiary education","","","","","","","","","","","","","",""
"1992","Couple + C. GT 16 ","(0) in school","","","","","","","","","","","","","",""
"1992","Couple + C. GT 16 ","(1a) inadequately completed","","","","","","","","","","","","","",""
"1992","Couple + C. GT 16 ","(1b) general elementary school","","","","","","","","","","","","","",""
"1992","Couple + C. GT 16 ","(1c) basic vocational qualification","","","","","","","","","","","","","",""
"1992","Couple + C. GT 16 ","(2a) intermediate vocational","","","","","","","","","","","","","",""
"1992","Couple + C. GT 16 ","(2b) intermediate general qualification","","","","","","","","","","","","","",""
"1992","Couple + C. GT 16 ","(2c_gen) general maturity certificate","","","","","","","","","","","","","",""
"1992","Couple + C. GT 16 ","(2c_voc) vocational maturity certificate","","","","","","","","","","","","","",""
"1992","Couple + C. GT 16 ","(3a) lower tertiary education","","","","","","","","","","","","","",""
"1992","Couple + C. GT 16 ","(3b) higher tertiary education","","","","","","","","","","","","","",""
"1992","Couple + C. LE 16","(0) in school","","","","","","","","","","","","","",""
"1992","Couple + C. LE 16","(1a) inadequately completed","","","","","","","","","","","","","",""
"1992","Couple + C. LE 16","(1b) general elementary school","","","","","","","","","","","","","",""
"1992","Couple + C. LE 16","(1c) basic vocational qualification","","","","","","","","","","","","","",""
"1992","Couple + C. LE 16","(2a) intermediate vocational","","","","","","","","","","","","","",""
"1992","Couple + C. LE 16","(2b) intermediate general qualification","","","","","","","","","","","","","",""
"1992","Couple + C. LE 16","(2c_gen) general maturity certificate","","","","","","","","","","","","","",""
"1992","Couple + C. LE 16","(2c_voc) vocational maturity certificate","","","","","","","","","","","","","",""
"1992","Couple + C. LE 16","(3a) lower tertiary education","","","","","","","","","","","","","",""
"1992","Couple + C. LE 16","(3b) higher tertiary education","","","","","","","","","","","","","",""
"1992","Couple + C. LE and GT 16","(0) in school","","","","","","","","","","","","","",""
"1992","Couple + C. LE and GT 16","(1a) inadequately completed","","","","","","","","","","","","","",""
"1992","Couple + C. LE and GT 16","(1b) general elementary school","","","","","","","","","","","","","",""
"1992","Couple + C. LE and GT 16","(1c) basic vocational qualification","","","","","","","","","","","","","",""
"1992","Couple + C. LE and GT 16","(2a) intermediate vocational","","","","","","","","","","","","","",""
"1992","Couple + C. LE and GT 16","(2b) intermediate general qualification","","","","","","","","","","","","","",""
"1992","Couple + C. LE and GT 16","(2c_gen) general maturity certificate","","","","","","","","","","","","","",""
"1992","Couple + C. LE and GT 16","(2c_voc) vocational maturity certificate","","","","","","","","","","","","","",""
"1992","Couple + C. LE and GT 16","(3a) lower tertiary education","","","","","","","","","","","","","",""
"1992","Couple + C. LE and GT 16","(3b) higher tertiary education","","","","","","","","","","","","","",""
"1992","Single parent","(0) in school","","","","","","","","","","","","","",""
"1992","Single parent","(1a) inadequately completed","","","","","","","","","","","","","",""
"1992","Single parent","(1b) general elementary school","","","","","","","","","","","","","",""
"1992","Single parent","(1c) basic vocational qualification","","","","","","","","","","","","","",""
"1992","Single parent","(2a) intermediate vocational","","","","","","","","","","","","","",""
"1992","Single parent","(2b) intermediate general qualification","","","","","","","","","","","","","",""
"1992","Single parent","(2c_gen) general maturity certificate","","","","","","","","","","","","","",""
"1992","Single parent","(2c_voc) vocational maturity certificate","","","","","","","","","","","","","",""
"1992","Single parent","(3a) lower tertiary education","","","","","","","","","","","","","",""
"1992","Single parent","(3b) higher tertiary education","","","","","","","","","","","","","",""
"1993","(Married) couple without C.","(0) in school","","","","","","","","","","","","","",""
"1993","(Married) couple without C.","(1a) inadequately completed","","","","","","","","","","","","","",""
"1993","(Married) couple without C.","(1b) general elementary school","","","","","","","","","","","","","",""
"1993","(Married) couple without C.","(1c) basic vocational qualification","","","","","","","","","","","","","",""
"1993","(Married) couple without C.","(2a) intermediate vocational","","","","","","","","","","","","","",""
"1993","(Married) couple without C.","(2b) intermediate general qualification","","","","","","","","","","","","","",""
"1993","(Married) couple without C.","(2c_gen) general maturity certificate","","","","","","","","","","","","","",""
"1993","(Married) couple without C.","(2c_voc) vocational maturity certificate","","","","","","","","","","","","","",""
"1993","(Married) couple without C.","(3a) lower tertiary education","","","","","","","","","","","","","",""
"1993","(Married) couple without C.","(3b) higher tertiary education","","","","","","","","","","","","","",""
"1993","1-pers.-HH","(0) in school","","","","","","","","","","","","","",""
"1993","1-pers.-HH","(1a) inadequately completed","","","","","","","","","","","","","",""
"1993","1-pers.-HH","(1b) general elementary school","","","","","","","","","","","","","",""
"1993","1-pers.-HH","(1c) basic vocational qualification","","","","","","","","","","","","","",""
"1993","1-pers.-HH","(2a) intermediate vocational","","","","","","","","","","","","","",""
"1993","1-pers.-HH","(2b) intermediate general qualification","","","","","","","","","","","","","",""
"1993","1-pers.-HH","(2c_gen) general maturity certificate","","","","","","","","","","","","","",""
"1993","1-pers.-HH","(2c_voc) vocational maturity certificate","","","","","","","","","","","","","",""
"1993","1-pers.-HH","(3a) lower tertiary education","","","","","","","","","","","","","",""
"1993","1-pers.-HH","(3b) higher tertiary education","","","","","","","","","","","","","",""
"1993","Couple + C. GT 16 ","(0) in school","","","","","","","","","","","","","",""
"1993","Couple + C. GT 16 ","(1a) inadequately completed","","","","","","","","","","","","","",""
"1993","Couple + C. GT 16 ","(1b) general elementary school","","","","","","","","","","","","","",""
"1993","Couple + C. GT 16 ","(1c) basic vocational qualification","","","","","","","","","","","","","",""
"1993","Couple + C. GT 16 ","(2a) intermediate vocational","","","","","","","","","","","","","",""
"1993","Couple + C. GT 16 ","(2b) intermediate general qualification","","","","","","","","","","","","","",""
"1993","Couple + C. GT 16 ","(2c_gen) general maturity certificate","","","","","","","","","","","","","",""
"1993","Couple + C. GT 16 ","(2c_voc) vocational maturity certificate","","","","","","","","","","","","","",""
"1993","Couple + C. GT 16 ","(3a) lower tertiary education","","","","","","","","","","","","","",""
"1993","Couple + C. GT 16 ","(3b) higher tertiary education","","","","","","","","","","","","","",""
"1993","Couple + C. LE 16","(0) in school","","","","","","","","","","","","","",""
"1993","Couple + C. LE 16","(1a) inadequately completed","","","","","","","","","","","","","",""
"1993","Couple + C. LE 16","(1b) general elementary school","","","","","","","","","","","","","",""
"1993","Couple + C. LE 16","(1c) basic vocational qualification","","","","","","","","","","","","","",""
"1993","Couple + C. LE 16","(2a) intermediate vocational","","","","","","","","","","","","","",""
"1993","Couple + C. LE 16","(2b) intermediate general qualification","","","","","","","","","","","","","",""
"1993","Couple + C. LE 16","(2c_gen) general maturity certificate","","","","","","","","","","","","","",""
"1993","Couple + C. LE 16","(2c_voc) vocational maturity certificate","","","","","","","","","","","","","",""
"1993","Couple + C. LE 16","(3a) lower tertiary education","","","","","","","","","","","","","",""
"1993","Couple + C. LE 16","(3b) higher tertiary education","","","","","","","","","","","","","",""
"1993","Couple + C. LE and GT 16","(0) in school","","","","","","","","","","","","","",""
"1993","Couple + C. LE and GT 16","(1a) inadequately completed","","","","","","","","","","","","","",""
"1993","Couple + C. LE and GT 16","(1b) general elementary school","","","","","","","","","","","","","",""
"1993","Couple + C. LE and GT 16","(1c) basic vocational qualification","","","","","","","","","","","","","",""
"1993","Couple + C. LE and GT 16","(2a) intermediate vocational","","","","","","","","","","","","","",""
"1993","Couple + C. LE and GT 16","(2b) intermediate general qualification","","","","","","","","","","","","","",""
"1993","Couple + C. LE and GT 16","(2c_gen) general maturity certificate","","","","","","","","","","","","","",""
"1993","Couple + C. LE and GT 16","(2c_voc) vocational maturity certificate","","","","","","","","","","","","","",""
"1993","Couple + C. LE and GT 16","(3a) lower tertiary education","","","","","","","","","","","","","",""
"1993","Couple + C. LE and GT 16","(3b) higher tertiary education","","","","","","","","","","","","","",""
"1993","Single parent","(0) in school","","","","","","","","","","","","","",""
"1993","Single parent","(1a) inadequately completed","","","","","","","","","","","","","",""
"1993","Single parent","(1b) general elementary school","","","","","","","","","","","","","",""
"1993","Single parent","(1c) basic vocational qualification","","","","","","","","","","","","","",""
"1993","Single parent","(2a) intermediate vocational","","","","","","","","","","","","","",""
"1993","Single parent","(2b) intermediate general qualification","","","","","","","","","","","","","",""
"1993","Single parent","(2c_gen) general maturity certificate","","","","","","","","","","","","","",""
"1993","Single parent","(2c_voc) vocational maturity certificate","","","","","","","","","","","","","",""
"1993","Single parent","(3a) lower tertiary education","","","","","","","","","","","","","",""
"1993","Single parent","(3b) higher tertiary education","","","","","","","","","","","","","",""
"1994","(Married) couple without C.","(0) in school","","","","","","","","","","","","","",""
"1994","(Married) couple without C.","(1a) inadequately completed","","","","","","","","","","","","","",""
"1994","(Married) couple without C.","(1b) general elementary school","","","","","","","","","","","","","",""
"1994","(Married) couple without C.","(1c) basic vocational qualification","","","","","","","","","","","","","",""
"1994","(Married) couple without C.","(2a) intermediate vocational","","","","","","","","","","","","","",""
"1994","(Married) couple without C.","(2b) intermediate general qualification","","","","","","","","","","","","","",""
"1994","(Married) couple without C.","(2c_gen) general maturity certificate","","","","","","","","","","","","","",""
"1994","(Married) couple without C.","(2c_voc) vocational maturity certificate","","","","","","","","","","","","","",""
"1994","(Married) couple without C.","(3a) lower tertiary education","","","","","","","","","","","","","",""
"1994","(Married) couple without C.","(3b) higher tertiary education","","","","","","","","","","","","","",""
"1994","1-pers.-HH","(0) in school","","","","","","","","","","","","","",""
"1994","1-pers.-HH","(1a) inadequately completed","","","","","","","","","","","","","",""
"1994","1-pers.-HH","(1b) general elementary school","","","","","","","","","","","","","",""
"1994","1-pers.-HH","(1c) basic vocational qualification","","","","","","","","","","","","","",""
"1994","1-pers.-HH","(2a) intermediate vocational","","","","","","","","","","","","","",""
"1994","1-pers.-HH","(2b) intermediate general qualification","","","","","","","","","","","","","",""
"1994","1-pers.-HH","(2c_gen) general maturity certificate","","","","","","","","","","","","","",""
"1994","1-pers.-HH","(2c_voc) vocational maturity certificate","","","","","","","","","","","","","",""
"1994","1-pers.-HH","(3a) lower tertiary education","","","","","","","","","","","","","",""
"1994","1-pers.-HH","(3b) higher tertiary education","","","","","","","","","","","","","",""
"1994","Couple + C. GT 16 ","(0) in school","","","","","","","","","","","","","",""
"1994","Couple + C. GT 16 ","(1a) inadequately completed","","","","","","","","","","","","","",""
"1994","Couple + C. GT 16 ","(1b) general elementary school","","","","","","","","","","","","","",""
"1994","Couple + C. GT 16 ","(1c) basic vocational qualification","","","","","","","","","","","","","",""
"1994","Couple + C. GT 16 ","(2a) intermediate vocational","","","","","","","","","","","","","",""
"1994","Couple + C. GT 16 ","(2b) intermediate general qualification","","","","","","","","","","","","","",""
"1994","Couple + C. GT 16 ","(2c_gen) general maturity certificate","","","","","","","","","","","","","",""
"1994","Couple + C. GT 16 ","(2c_voc) vocational maturity certificate","","","","","","","","","","","","","",""
"1994","Couple + C. GT 16 ","(3a) lower tertiary education","","","","","","","","","","","","","",""
"1994","Couple + C. GT 16 ","(3b) higher tertiary education","","","","","","","","","","","","","",""
"1994","Couple + C. LE 16","(0) in school","","","","","","","","","","","","","",""
"1994","Couple + C. LE 16","(1a) inadequately completed","","","","","","","","","","","","","",""
"1994","Couple + C. LE 16","(1b) general elementary school","","","","","","","","","","","","","",""
"1994","Couple + C. LE 16","(1c) basic vocational qualification","","","","","","","","","","","","","",""
"1994","Couple + C. LE 16","(2a) intermediate vocational","","","","","","","","","","","","","",""
"1994","Couple + C. LE 16","(2b) intermediate general qualification","","","","","","","","","","","","","",""
"1994","Couple + C. LE 16","(2c_gen) general maturity certificate","","","","","","","","","","","","","",""
"1994","Couple + C. LE 16","(2c_voc) vocational maturity certificate","","","","","","","","","","","","","",""
"1994","Couple + C. LE 16","(3a) lower tertiary education","","","","","","","","","","","","","",""
"1994","Couple + C. LE 16","(3b) higher tertiary education","","","","","","","","","","","","","",""
"1994","Couple + C. LE and GT 16","(0) in school","","","","","","","","","","","","","",""
"1994","Couple + C. LE and GT 16","(1a) inadequately completed","","","","","","","","","","","","","",""
"1994","Couple + C. LE and GT 16","(1b) general elementary school","","","","","","","","","","","","","",""
"1994","Couple + C. LE and GT 16","(1c) basic vocational qualification","","","","","","","","","","","","","",""
"1994","Couple + C. LE and GT 16","(2a) intermediate vocational","","","","","","","","","","","","","",""
"1994","Couple + C. LE and GT 16","(2b) intermediate general qualification","","","","","","","","","","","","","",""
"1994","Couple + C. LE and GT 16","(2c_gen) general maturity certificate","","","","","","","","","","","","","",""
"1994","Couple + C. LE and GT 16","(2c_voc) vocational maturity certificate","","","","","","","","","","","","","",""
"1994","Couple + C. LE and GT 16","(3a) lower tertiary education","","","","","","","","","","","","","",""
"1994","Couple + C. LE and GT 16","(3b) higher tertiary education","","","","","","","","","","","","","",""
"1994","Single parent","(0) in school","","","","","","","","","","","","","",""
"1994","Single parent","(1a) inadequately completed","","","","","","","","","","","","","",""
"1994","Single parent","(1b) general elementary school","","","","","","","","","","","","","",""
"1994","Single parent","(1c) basic vocational qualification","","","","","","","","","","","","","",""
"1994","Single parent","(2a) intermediate vocational","","","","","","","","","","","","","",""
"1994","Single parent","(2b) intermediate general qualification","","","","","","","","","","","","","",""
"1994","Single parent","(2c_gen) general maturity certificate","","","","","","","","","","","","","",""
"1994","Single parent","(2c_voc) vocational maturity certificate","","","","","","","","","","","","","",""
"1994","Single parent","(3a) lower tertiary education","","","","","","","","","","","","","",""
"1994","Single parent","(3b) higher tertiary education","","","","","","","","","","","","","",""
"1995","(Married) couple without C.","(0) in school","","","","","","","","","","","","","",""
"1995","(Married) couple without C.","(1a) inadequately completed","4.67","5","93","4","5","5","5","5","4.55","4.79","2","5","5","5"
"1995","(Married) couple without C.","(1b) general elementary school","4.69","5","539","4","5","5","5","5","4.63","4.75","2","5","5","5"
"1995","(Married) couple without C.","(1c) basic vocational qualification","4.46","5","1400","3","4","5","5","5","4.42","4.5","1","5","5","5"
"1995","(Married) couple without C.","(2a) intermediate vocational","4.41","5","593","3","4","5","5","5","4.34","4.48","1","5","5","5"
"1995","(Married) couple without C.","(2b) intermediate general qualification","4.46","5","64","4","4","5","5","5","4.26","4.66","2","5","4","5"
"1995","(Married) couple without C.","(2c_gen) general maturity certificate","4.39","5","64","3","4","5","5","5","4.16","4.62","2","5","4","5"
"1995","(Married) couple without C.","(2c_voc) vocational maturity certificate","4.56","5","161","3","4","5","5","5","4.42","4.7","2","5","5","5"
"1995","(Married) couple without C.","(3a) lower tertiary education","4.49","5","242","3","4","5","5","5","4.4","4.58","2","5","5","5"
"1995","(Married) couple without C.","(3b) higher tertiary education","4.52","5","238","4","4","5","5","5","4.42","4.62","2","5","5","5"
"1995","1-pers.-HH","(0) in school","","","","","","","","","","","","","",""
"1995","1-pers.-HH","(1a) inadequately completed","4.46","5","38","2","5","5","5","5","4.16","4.76","2","5","5","5"
"1995","1-pers.-HH","(1b) general elementary school","4.86","5","324","5","5","5","5","5","4.8","4.92","2","5","5","5"
"1995","1-pers.-HH","(1c) basic vocational qualification","4.58","5","447","3","4","5","5","5","4.51","4.65","1","5","5","5"
"1995","1-pers.-HH","(2a) intermediate vocational","4.5","5","269","4","4","5","5","5","4.4","4.6","1","5","5","5"
"1995","1-pers.-HH","(2b) intermediate general qualification","4.53","5","51","4","4","5","5","5","4.3","4.76","2","5","4","5"
"1995","1-pers.-HH","(2c_gen) general maturity certificate","4.1","4","47","2","4","5","5","5","3.86","4.34","2","5","4","5"
"1995","1-pers.-HH","(2c_voc) vocational maturity certificate","4.3","4.51","75","3","4","5","5","5","4.09","4.51","2","5","4","5"
"1995","1-pers.-HH","(3a) lower tertiary education","4.43","5","81","3","4","5","5","5","4.24","4.62","2","5","5","5"
"1995","1-pers.-HH","(3b) higher tertiary education","4.54","5","92","4","4","5","5","5","4.39","4.69","2","5","5","5"
"1995","Couple + C. GT 16 ","(0) in school","3.84","4","94","2","3","5","5","5","3.63","4.05","1","5","4","4"
"1995","Couple + C. GT 16 ","(1a) inadequately completed","4.48","5","183","3","4","5","5","5","4.36","4.6","1","5","5","5"
"1995","Couple + C. GT 16 ","(1b) general elementary school","4.53","5","378","3","4","5","5","5","4.44","4.62","1","5","5","5"
"1995","Couple + C. GT 16 ","(1c) basic vocational qualification","4.31","5","720","3","4","5","5","5","4.24","4.38","2","5","5","5"
"1995","Couple + C. GT 16 ","(2a) intermediate vocational","4.22","4","398","3","4","5","5","5","4.13","4.31","1","5","4","5"
"1995","Couple + C. GT 16 ","(2b) intermediate general qualification","3.96","4","141","2","4","5","5","5","3.79","4.13","1","5","4","4"
"1995","Couple + C. GT 16 ","(2c_gen) general maturity certificate","4.09","4","172","3","4","5","5","5","3.94","4.24","1","5","4","4"
"1995","Couple + C. GT 16 ","(2c_voc) vocational maturity certificate","4.07","4","74","3","4","5","5","5","3.87","4.27","2","5","4","5"
"1995","Couple + C. GT 16 ","(3a) lower tertiary education","4.37","5","130","3","4","5","5","5","4.24","4.5","2","5","4","5"
"1995","Couple + C. GT 16 ","(3b) higher tertiary education","4.45","5","128","4","4","5","5","5","4.32","4.58","2","5","4","5"
"1995","Couple + C. LE 16","(0) in school","","","","","","","","","","","","","",""
"1995","Couple + C. LE 16","(1a) inadequately completed","4.51","5","108","3","4","5","5","5","4.34","4.68","2","5","5","5"
"1995","Couple + C. LE 16","(1b) general elementary school","4.52","5","336","3","4","5","5","5","4.44","4.6","2","5","5","5"
"1995","Couple + C. LE 16","(1c) basic vocational qualification","4.31","5","844","3","4","5","5","5","4.25","4.37","2","5","5","5"
"1995","Couple + C. LE 16","(2a) intermediate vocational","4.38","5","934","3","4","5","5","5","4.33","4.43","2","5","5","5"
"1995","Couple + C. LE 16","(2b) intermediate general qualification","4.16","4","51","3","4","5","5","5","3.9","4.42","2","5","4","5"
"1995","Couple + C. LE 16","(2c_gen) general maturity certificate","4.45","5","61","3","4","5","5","5","4.23","4.67","2","5","5","5"
"1995","Couple + C. LE 16","(2c_voc) vocational maturity certificate","4.36","5","208","3","4","5","5","5","4.24","4.48","2","5","4","5"
"1995","Couple + C. LE 16","(3a) lower tertiary education","4.41","5","255","3","4","5","5","5","4.32","4.5","1","5","5","5"
"1995","Couple + C. LE 16","(3b) higher tertiary education","4.5","5","273","4","4","5","5","5","4.42","4.58","2","5","5","5"
"1995","Couple + C. LE and GT 16","(0) in school","3.8","4","123","2","3","5","5","5","3.62","3.98","1","5","4","4"
"1995","Couple + C. LE and GT 16","(1a) inadequately completed","4.57","5","100","3","4","5","5","5","4.41","4.73","2","5","5","5"
"1995","Couple + C. LE and GT 16","(1b) general elementary school","4.27","5","177","3","4","5","5","5","4.13","4.41","2","5","5","5"
"1995","Couple + C. LE and GT 16","(1c) basic vocational qualification","4.32","5","262","3","4","5","5","5","4.21","4.43","1","5","4","5"
"1995","Couple + C. LE and GT 16","(2a) intermediate vocational","4.23","4","193","3","4","5","5","5","4.11","4.35","2","5","4","5"
"1995","Couple + C. LE and GT 16","(2b) intermediate general qualification","4","4","111","3","4","5","5","5","3.82","4.18","2","5","4","4"
"1995","Couple + C. LE and GT 16","(2c_gen) general maturity certificate","4.08","4","60","3","4","5","5","5","3.82","4.34","1","5","4","5"
"1995","Couple + C. LE and GT 16","(2c_voc) vocational maturity certificate","4.21","4.96","37","3","4","5","5","5","3.87","4.55","2","5","4","5"
"1995","Couple + C. LE and GT 16","(3a) lower tertiary education","4.43","5","67","4","4","5","5","5","4.25","4.61","2","5","4","5"
"1995","Couple + C. LE and GT 16","(3b) higher tertiary education","4.24","4.11","74","3","4","5","5","5","4.02","4.46","2","5","4","5"
"1995","Single parent","(0) in school","4.23","4","32","3","4","5","5","5","3.94","4.52","3","5","4","5"
"1995","Single parent","(1a) inadequately completed","","","","","","","","","","","","","",""
"1995","Single parent","(1b) general elementary school","4.51","5","113","3","4","5","5","5","4.34","4.68","2","5","5","5"
"1995","Single parent","(1c) basic vocational qualification","4.25","5","173","3","4","5","5","5","4.11","4.39","2","5","4","5"
"1995","Single parent","(2a) intermediate vocational","4.46","5","104","3","4","5","5","5","4.27","4.65","2","5","5","5"
"1995","Single parent","(2b) intermediate general qualification","3.97","4","32","2","3","5","5","5","3.59","4.35","2","5","3","5"
"1995","Single parent","(2c_gen) general maturity certificate","3.78","4","31","2","3","5","5","5","3.4","4.16","2","5","4","5"
"1995","Single parent","(2c_voc) vocational maturity certificate","","","","","","","","","","","","","",""
"1995","Single parent","(3a) lower tertiary education","4.4","5","33","3","4","5","5","5","4.1","4.7","2","5","4","5"
"1995","Single parent","(3b) higher tertiary education","4.39","5","35","3","4","5","5","5","4.14","4.64","3","5","4","5"
"1996","(Married) couple without C.","(0) in school","","","","","","","","","","","","","",""
"1996","(Married) couple without C.","(1a) inadequately completed","","","","","","","","","","","","","",""
"1996","(Married) couple without C.","(1b) general elementary school","","","","","","","","","","","","","",""
"1996","(Married) couple without C.","(1c) basic vocational qualification","","","","","","","","","","","","","",""
"1996","(Married) couple without C.","(2a) intermediate vocational","","","","","","","","","","","","","",""
"1996","(Married) couple without C.","(2b) intermediate general qualification","","","","","","","","","","","","","",""
"1996","(Married) couple without C.","(2c_gen) general maturity certificate","","","","","","","","","","","","","",""
"1996","(Married) couple without C.","(2c_voc) vocational maturity certificate","","","","","","","","","","","","","",""
"1996","(Married) couple without C.","(3a) lower tertiary education","","","","","","","","","","","","","",""
"1996","(Married) couple without C.","(3b) higher tertiary education","","","","","","","","","","","","","",""
"1996","1-pers.-HH","(0) in school","","","","","","","","","","","","","",""
"1996","1-pers.-HH","(1a) inadequately completed","","","","","","","","","","","","","",""
"1996","1-pers.-HH","(1b) general elementary school","","","","","","","","","","","","","",""
"1996","1-pers.-HH","(1c) basic vocational qualification","","","","","","","","","","","","","",""
"1996","1-pers.-HH","(2a) intermediate vocational","","","","","","","","","","","","","",""
"1996","1-pers.-HH","(2b) intermediate general qualification","","","","","","","","","","","","","",""
"1996","1-pers.-HH","(2c_gen) general maturity certificate","","","","","","","","","","","","","",""
"1996","1-pers.-HH","(2c_voc) vocational maturity certificate","","","","","","","","","","","","","",""
"1996","1-pers.-HH","(3a) lower tertiary education","","","","","","","","","","","","","",""
"1996","1-pers.-HH","(3b) higher tertiary education","","","","","","","","","","","","","",""
"1996","Couple + C. GT 16 ","(0) in school","","","","","","","","","","","","","",""
"1996","Couple + C. GT 16 ","(1a) inadequately completed","","","","","","","","","","","","","",""
"1996","Couple + C. GT 16 ","(1b) general elementary school","","","","","","","","","","","","","",""
"1996","Couple + C. GT 16 ","(1c) basic vocational qualification","","","","","","","","","","","","","",""
"1996","Couple + C. GT 16 ","(2a) intermediate vocational","","","","","","","","","","","","","",""
"1996","Couple + C. GT 16 ","(2b) intermediate general qualification","","","","","","","","","","","","","",""
"1996","Couple + C. GT 16 ","(2c_gen) general maturity certificate","","","","","","","","","","","","","",""
"1996","Couple + C. GT 16 ","(2c_voc) vocational maturity certificate","","","","","","","","","","","","","",""
"1996","Couple + C. GT 16 ","(3a) lower tertiary education","","","","","","","","","","","","","",""
"1996","Couple + C. GT 16 ","(3b) higher tertiary education","","","","","","","","","","","","","",""
"1996","Couple + C. LE 16","(0) in school","","","","","","","","","","","","","",""
"1996","Couple + C. LE 16","(1a) inadequately completed","","","","","","","","","","","","","",""
"1996","Couple + C. LE 16","(1b) general elementary school","","","","","","","","","","","","","",""
"1996","Couple + C. LE 16","(1c) basic vocational qualification","","","","","","","","","","","","","",""
"1996","Couple + C. LE 16","(2a) intermediate vocational","","","","","","","","","","","","","",""
"1996","Couple + C. LE 16","(2b) intermediate general qualification","","","","","","","","","","","","","",""
"1996","Couple + C. LE 16","(2c_gen) general maturity certificate","","","","","","","","","","","","","",""
"1996","Couple + C. LE 16","(2c_voc) vocational maturity certificate","","","","","","","","","","","","","",""
"1996","Couple + C. LE 16","(3a) lower tertiary education","","","","","","","","","","","","","",""
"1996","Couple + C. LE 16","(3b) higher tertiary education","","","","","","","","","","","","","",""
"1996","Couple + C. LE and GT 16","(0) in school","","","","","","","","","","","","","",""
"1996","Couple + C. LE and GT 16","(1a) inadequately completed","","","","","","","","","","","","","",""
"1996","Couple + C. LE and GT 16","(1b) general elementary school","","","","","","","","","","","","","",""
"1996","Couple + C. LE and GT 16","(1c) basic vocational qualification","","","","","","","","","","","","","",""
"1996","Couple + C. LE and GT 16","(2a) intermediate vocational","","","","","","","","","","","","","",""
"1996","Couple + C. LE and GT 16","(2b) intermediate general qualification","","","","","","","","","","","","","",""
"1996","Couple + C. LE and GT 16","(2c_gen) general maturity certificate","","","","","","","","","","","","","",""
"1996","Couple + C. LE and GT 16","(2c_voc) vocational maturity certificate","","","","","","","","","","","","","",""
"1996","Couple + C. LE and GT 16","(3a) lower tertiary education","","","","","","","","","","","","","",""
"1996","Couple + C. LE and GT 16","(3b) higher tertiary education","","","","","","","","","","","","","",""
"1996","Single parent","(0) in school","","","","","","","","","","","","","",""
"1996","Single parent","(1a) inadequately completed","","","","","","","","","","","","","",""
"1996","Single parent","(1b) general elementary school","","","","","","","","","","","","","",""
"1996","Single parent","(1c) basic vocational qualification","","","","","","","","","","","","","",""
"1996","Single parent","(2a) intermediate vocational","","","","","","","","","","","","","",""
"1996","Single parent","(2b) intermediate general qualification","","","","","","","","","","","","","",""
"1996","Single parent","(2c_gen) general maturity certificate","","","","","","","","","","","","","",""
"1996","Single parent","(2c_voc) vocational maturity certificate","","","","","","","","","","","","","",""
"1996","Single parent","(3a) lower tertiary education","","","","","","","","","","","","","",""
"1996","Single parent","(3b) higher tertiary education","","","","","","","","","","","","","",""
"1997","(Married) couple without C.","(0) in school","","","","","","","","","","","","","",""
"1997","(Married) couple without C.","(1a) inadequately completed","","","","","","","","","","","","","",""
"1997","(Married) couple without C.","(1b) general elementary school","","","","","","","","","","","","","",""
"1997","(Married) couple without C.","(1c) basic vocational qualification","","","","","","","","","","","","","",""
"1997","(Married) couple without C.","(2a) intermediate vocational","","","","","","","","","","","","","",""
"1997","(Married) couple without C.","(2b) intermediate general qualification","","","","","","","","","","","","","",""
"1997","(Married) couple without C.","(2c_gen) general maturity certificate","","","","","","","","","","","","","",""
"1997","(Married) couple without C.","(2c_voc) vocational maturity certificate","","","","","","","","","","","","","",""
"1997","(Married) couple without C.","(3a) lower tertiary education","","","","","","","","","","","","","",""
"1997","(Married) couple without C.","(3b) higher tertiary education","","","","","","","","","","","","","",""
"1997","1-pers.-HH","(0) in school","","","","","","","","","","","","","",""
"1997","1-pers.-HH","(1a) inadequately completed","","","","","","","","","","","","","",""
"1997","1-pers.-HH","(1b) general elementary school","","","","","","","","","","","","","",""
"1997","1-pers.-HH","(1c) basic vocational qualification","","","","","","","","","","","","","",""
"1997","1-pers.-HH","(2a) intermediate vocational","","","","","","","","","","","","","",""
"1997","1-pers.-HH","(2b) intermediate general qualification","","","","","","","","","","","","","",""
"1997","1-pers.-HH","(2c_gen) general maturity certificate","","","","","","","","","","","","","",""
"1997","1-pers.-HH","(2c_voc) vocational maturity certificate","","","","","","","","","","","","","",""
"1997","1-pers.-HH","(3a) lower tertiary education","","","","","","","","","","","","","",""
"1997","1-pers.-HH","(3b) higher tertiary education","","","","","","","","","","","","","",""
"1997","Couple + C. GT 16 ","(0) in school","","","","","","","","","","","","","",""
"1997","Couple + C. GT 16 ","(1a) inadequately completed","","","","","","","","","","","","","",""
"1997","Couple + C. GT 16 ","(1b) general elementary school","","","","","","","","","","","","","",""
"1997","Couple + C. GT 16 ","(1c) basic vocational qualification","","","","","","","","","","","","","",""
"1997","Couple + C. GT 16 ","(2a) intermediate vocational","","","","","","","","","","","","","",""
"1997","Couple + C. GT 16 ","(2b) intermediate general qualification","","","","","","","","","","","","","",""
"1997","Couple + C. GT 16 ","(2c_gen) general maturity certificate","","","","","","","","","","","","","",""
"1997","Couple + C. GT 16 ","(2c_voc) vocational maturity certificate","","","","","","","","","","","","","",""
"1997","Couple + C. GT 16 ","(3a) lower tertiary education","","","","","","","","","","","","","",""
"1997","Couple + C. GT 16 ","(3b) higher tertiary education","","","","","","","","","","","","","",""
"1997","Couple + C. LE 16","(0) in school","","","","","","","","","","","","","",""
"1997","Couple + C. LE 16","(1a) inadequately completed","","","","","","","","","","","","","",""
"1997","Couple + C. LE 16","(1b) general elementary school","","","","","","","","","","","","","",""
"1997","Couple + C. LE 16","(1c) basic vocational qualification","","","","","","","","","","","","","",""
"1997","Couple + C. LE 16","(2a) intermediate vocational","","","","","","","","","","","","","",""
"1997","Couple + C. LE 16","(2b) intermediate general qualification","","","","","","","","","","","","","",""
"1997","Couple + C. LE 16","(2c_gen) general maturity certificate","","","","","","","","","","","","","",""
"1997","Couple + C. LE 16","(2c_voc) vocational maturity certificate","","","","","","","","","","","","","",""
"1997","Couple + C. LE 16","(3a) lower tertiary education","","","","","","","","","","","","","",""
"1997","Couple + C. LE 16","(3b) higher tertiary education","","","","","","","","","","","","","",""
"1997","Couple + C. LE and GT 16","(0) in school","","","","","","","","","","","","","",""
"1997","Couple + C. LE and GT 16","(1a) inadequately completed","","","","","","","","","","","","","",""
"1997","Couple + C. LE and GT 16","(1b) general elementary school","","","","","","","","","","","","","",""
"1997","Couple + C. LE and GT 16","(1c) basic vocational qualification","","","","","","","","","","","","","",""
"1997","Couple + C. LE and GT 16","(2a) intermediate vocational","","","","","","","","","","","","","",""
"1997","Couple + C. LE and GT 16","(2b) intermediate general qualification","","","","","","","","","","","","","",""
"1997","Couple + C. LE and GT 16","(2c_gen) general maturity certificate","","","","","","","","","","","","","",""
"1997","Couple + C. LE and GT 16","(2c_voc) vocational maturity certificate","","","","","","","","","","","","","",""
"1997","Couple + C. LE and GT 16","(3a) lower tertiary education","","","","","","","","","","","","","",""
"1997","Couple + C. LE and GT 16","(3b) higher tertiary education","","","","","","","","","","","","","",""
"1997","Single parent","(0) in school","","","","","","","","","","","","","",""
"1997","Single parent","(1a) inadequately completed","","","","","","","","","","","","","",""
"1997","Single parent","(1b) general elementary school","","","","","","","","","","","","","",""
"1997","Single parent","(1c) basic vocational qualification","","","","","","","","","","","","","",""
"1997","Single parent","(2a) intermediate vocational","","","","","","","","","","","","","",""
"1997","Single parent","(2b) intermediate general qualification","","","","","","","","","","","","","",""
"1997","Single parent","(2c_gen) general maturity certificate","","","","","","","","","","","","","",""
"1997","Single parent","(2c_voc) vocational maturity certificate","","","","","","","","","","","","","",""
"1997","Single parent","(3a) lower tertiary education","","","","","","","","","","","","","",""
"1997","Single parent","(3b) higher tertiary education","","","","","","","","","","","","","",""
"1998","(Married) couple without C.","(0) in school","","","","","","","","","","","","","",""
"1998","(Married) couple without C.","(1a) inadequately completed","4.79","5","104","4","5","5","5","5","4.66","4.92","2","5","5","5"
"1998","(Married) couple without C.","(1b) general elementary school","4.66","5","586","4","4","5","5","5","4.61","4.71","2","5","5","5"
"1998","(Married) couple without C.","(1c) basic vocational qualification","4.45","5","1595","3","4","5","5","5","4.41","4.49","1","5","5","5"
"1998","(Married) couple without C.","(2a) intermediate vocational","4.39","5","661","3","4","5","5","5","4.33","4.45","2","5","5","5"
"1998","(Married) couple without C.","(2b) intermediate general qualification","4.45","5","79","3","4","5","5","5","4.27","4.63","2","5","5","5"
"1998","(Married) couple without C.","(2c_gen) general maturity certificate","4.39","4","70","4","4","5","5","5","4.22","4.56","2","5","4","5"
"1998","(Married) couple without C.","(2c_voc) vocational maturity certificate","4.47","5","185","4","4","5","5","5","4.35","4.59","2","5","4","5"
"1998","(Married) couple without C.","(3a) lower tertiary education","4.49","5","322","4","4","5","5","5","4.41","4.57","2","5","5","5"
"1998","(Married) couple without C.","(3b) higher tertiary education","4.56","5","310","4","4","5","5","5","4.48","4.64","2","5","5","5"
"1998","1-pers.-HH","(0) in school","","","","","","","","","","","","","",""
"1998","1-pers.-HH","(1a) inadequately completed","4.51","5","36","2","5","5","5","5","4.13","4.89","2","5","5","5"
"1998","1-pers.-HH","(1b) general elementary school","4.82","5","343","4","5","5","5","5","4.75","4.89","2","5","5","5"
"1998","1-pers.-HH","(1c) basic vocational qualification","4.57","5","495","3","4","5","5","5","4.5","4.64","2","5","5","5"
"1998","1-pers.-HH","(2a) intermediate vocational","4.44","5","323","3","4","5","5","5","4.35","4.53","1","5","4","5"
"1998","1-pers.-HH","(2b) intermediate general qualification","4.61","5","53","4","4","5","5","5","4.39","4.83","2","5","4","5"
"1998","1-pers.-HH","(2c_gen) general maturity certificate","4.31","5","60","3","4","5","5","5","4.05","4.57","1","5","4","5"
"1998","1-pers.-HH","(2c_voc) vocational maturity certificate","4.28","4.17","97","3","4","5","5","5","4.11","4.45","2","5","4","5"
"1998","1-pers.-HH","(3a) lower tertiary education","4.37","5","120","3","4","5","5","5","4.24","4.5","2","5","4","5"
"1998","1-pers.-HH","(3b) higher tertiary education","4.5","5","113","3","4","5","5","5","4.35","4.65","2","5","5","5"
"1998","Couple + C. GT 16 ","(0) in school","3.8","4","127","2","3","5","5","5","3.63","3.97","2","5","4","4"
"1998","Couple + C. GT 16 ","(1a) inadequately completed","4.64","5","128","4","5","5","5","5","4.53","4.75","2","5","5","5"
"1998","Couple + C. GT 16 ","(1b) general elementary school","4.37","5","386","3","4","5","5","5","4.28","4.46","1","5","5","5"
"1998","Couple + C. GT 16 ","(1c) basic vocational qualification","4.35","5","665","3","4","5","5","5","4.29","4.41","1","5","4","5"
"1998","Couple + C. GT 16 ","(2a) intermediate vocational","4.21","4","429","3","4","5","5","5","4.13","4.29","2","5","4","5"
"1998","Couple + C. GT 16 ","(2b) intermediate general qualification","3.92","4","156","2","4","5","5","5","3.77","4.07","2","5","4","4"
"1998","Couple + C. GT 16 ","(2c_gen) general maturity certificate","4.08","4","154","3","4","5","5","5","3.93","4.23","1","5","4","4"
"1998","Couple + C. GT 16 ","(2c_voc) vocational maturity certificate","3.93","4","82","2","3","5","5","5","3.72","4.14","1","5","4","5"
"1998","Couple + C. GT 16 ","(3a) lower tertiary education","4.46","5","143","4","4","5","5","5","4.35","4.57","2","5","4","5"
"1998","Couple + C. GT 16 ","(3b) higher tertiary education","4.38","5","154","3","4","5","5","5","4.25","4.51","2","5","4","5"
"1998","Couple + C. LE 16","(0) in school","","","","","","","","","","","","","",""
"1998","Couple + C. LE 16","(1a) inadequately completed","4.45","5","72","3","4","5","5","5","4.24","4.66","2","5","5","5"
"1998","Couple + C. LE 16","(1b) general elementary school","4.46","5","302","3","4","5","5","5","4.36","4.56","2","5","5","5"
"1998","Couple + C. LE 16","(1c) basic vocational qualification","4.24","4","794","3","4","5","5","5","4.18","4.3","1","5","4","5"
"1998","Couple + C. LE 16","(2a) intermediate vocational","4.24","4","941","3","4","5","5","5","4.18","4.3","1","5","4","5"
"1998","Couple + C. LE 16","(2b) intermediate general qualification","4.24","5","74","2","4","5","5","5","4","4.48","2","5","4","5"
"1998","Couple + C. LE 16","(2c_gen) general maturity certificate","4.65","5","74","4","4","5","5","5","4.49","4.81","2","5","5","5"
"1998","Couple + C. LE 16","(2c_voc) vocational maturity certificate","4.29","5","217","3","4","5","5","5","4.18","4.4","2","5","4","5"
"1998","Couple + C. LE 16","(3a) lower tertiary education","4.41","5","228","4","4","5","5","5","4.3","4.52","2","5","4","5"
"1998","Couple + C. LE 16","(3b) higher tertiary education","4.33","5","263","3","4","5","5","5","4.24","4.42","2","5","4","5"
"1998","Couple + C. LE and GT 16","(0) in school","3.66","4","147","2","3","4","5","5","3.5","3.82","2","5","4","4"
"1998","Couple + C. LE and GT 16","(1a) inadequately completed","4.52","5","74","3","4","5","5","5","4.32","4.72","2","5","5","5"
"1998","Couple + C. LE and GT 16","(1b) general elementary school","4.21","4.4","172","2","4","5","5","5","4.06","4.36","1","5","4","5"
"1998","Couple + C. LE and GT 16","(1c) basic vocational qualification","4.22","4","225","3","4","5","5","5","4.1","4.34","2","5","4","5"
"1998","Couple + C. LE and GT 16","(2a) intermediate vocational","4.13","4","223","3","4","5","5","5","4.02","4.24","2","5","4","5"
"1998","Couple + C. LE and GT 16","(2b) intermediate general qualification","4.07","4","99","3","4","5","5","5","3.87","4.27","2","5","4","4"
"1998","Couple + C. LE and GT 16","(2c_gen) general maturity certificate","4.01","4","61","3","3","5","5","5","3.78","4.24","2","5","4","4"
"1998","Couple + C. LE and GT 16","(2c_voc) vocational maturity certificate","4.15","4","43","2","4","5","5","5","3.87","4.43","2","5","4","5"
"1998","Couple + C. LE and GT 16","(3a) lower tertiary education","4.33","4","71","4","4","5","5","5","4.18","4.48","2","5","4","5"
"1998","Couple + C. LE and GT 16","(3b) higher tertiary education","4.37","5","77","3","4","5","5","5","4.19","4.55","2","5","4","5"
"1998","Single parent","(0) in school","3.83","4","32","2","3","4","5","5","3.47","4.19","2","5","3","4"
"1998","Single parent","(1a) inadequately completed","","","","","","","","","","","","","",""
"1998","Single parent","(1b) general elementary school","4.5","5","119","3","4","5","5","5","4.32","4.68","2","5","5","5"
"1998","Single parent","(1c) basic vocational qualification","4.19","4","171","3","4","5","5","5","4.04","4.34","1","5","4","5"
"1998","Single parent","(2a) intermediate vocational","4.3","5","134","3","4","5","5","5","4.15","4.45","2","5","4","5"
"1998","Single parent","(2b) intermediate general qualification","4.27","4.87","49","3","4","5","5","5","4.01","4.53","2","5","4","5"
"1998","Single parent","(2c_gen) general maturity certificate","3.79","4","35","2","3","5","5","5","3.44","4.14","2","5","4","4"
"1998","Single parent","(2c_voc) vocational maturity certificate","","","","","","","","","","","","","",""
"1998","Single parent","(3a) lower tertiary education","","","","","","","","","","","","","",""
"1998","Single parent","(3b) higher tertiary education","4.42","5","45","4","4","5","5","5","4.15","4.69","2","5","4","5"
"1999","(Married) couple without C.","(0) in school","","","","","","","","","","","","","",""
"1999","(Married) couple without C.","(1a) inadequately completed","","","","","","","","","","","","","",""
"1999","(Married) couple without C.","(1b) general elementary school","","","","","","","","","","","","","",""
"1999","(Married) couple without C.","(1c) basic vocational qualification","","","","","","","","","","","","","",""
"1999","(Married) couple without C.","(2a) intermediate vocational","","","","","","","","","","","","","",""
"1999","(Married) couple without C.","(2b) intermediate general qualification","","","","","","","","","","","","","",""
"1999","(Married) couple without C.","(2c_gen) general maturity certificate","","","","","","","","","","","","","",""
"1999","(Married) couple without C.","(2c_voc) vocational maturity certificate","","","","","","","","","","","","","",""
"1999","(Married) couple without C.","(3a) lower tertiary education","","","","","","","","","","","","","",""
"1999","(Married) couple without C.","(3b) higher tertiary education","","","","","","","","","","","","","",""
"1999","1-pers.-HH","(0) in school","","","","","","","","","","","","","",""
"1999","1-pers.-HH","(1a) inadequately completed","","","","","","","","","","","","","",""
"1999","1-pers.-HH","(1b) general elementary school","","","","","","","","","","","","","",""
"1999","1-pers.-HH","(1c) basic vocational qualification","","","","","","","","","","","","","",""
"1999","1-pers.-HH","(2a) intermediate vocational","","","","","","","","","","","","","",""
"1999","1-pers.-HH","(2b) intermediate general qualification","","","","","","","","","","","","","",""
"1999","1-pers.-HH","(2c_gen) general maturity certificate","","","","","","","","","","","","","",""
"1999","1-pers.-HH","(2c_voc) vocational maturity certificate","","","","","","","","","","","","","",""
"1999","1-pers.-HH","(3a) lower tertiary education","","","","","","","","","","","","","",""
"1999","1-pers.-HH","(3b) higher tertiary education","","","","","","","","","","","","","",""
"1999","Couple + C. GT 16 ","(0) in school","","","","","","","","","","","","","",""
"1999","Couple + C. GT 16 ","(1a) inadequately completed","","","","","","","","","","","","","",""
"1999","Couple + C. GT 16 ","(1b) general elementary school","","","","","","","","","","","","","",""
"1999","Couple + C. GT 16 ","(1c) basic vocational qualification","","","","","","","","","","","","","",""
"1999","Couple + C. GT 16 ","(2a) intermediate vocational","","","","","","","","","","","","","",""
"1999","Couple + C. GT 16 ","(2b) intermediate general qualification","","","","","","","","","","","","","",""
"1999","Couple + C. GT 16 ","(2c_gen) general maturity certificate","","","","","","","","","","","","","",""
"1999","Couple + C. GT 16 ","(2c_voc) vocational maturity certificate","","","","","","","","","","","","","",""
"1999","Couple + C. GT 16 ","(3a) lower tertiary education","","","","","","","","","","","","","",""
"1999","Couple + C. GT 16 ","(3b) higher tertiary education","","","","","","","","","","","","","",""
"1999","Couple + C. LE 16","(0) in school","","","","","","","","","","","","","",""
"1999","Couple + C. LE 16","(1a) inadequately completed","","","","","","","","","","","","","",""
"1999","Couple + C. LE 16","(1b) general elementary school","","","","","","","","","","","","","",""
"1999","Couple + C. LE 16","(1c) basic vocational qualification","","","","","","","","","","","","","",""
"1999","Couple + C. LE 16","(2a) intermediate vocational","","","","","","","","","","","","","",""
"1999","Couple + C. LE 16","(2b) intermediate general qualification","","","","","","","","","","","","","",""
"1999","Couple + C. LE 16","(2c_gen) general maturity certificate","","","","","","","","","","","","","",""
"1999","Couple + C. LE 16","(2c_voc) vocational maturity certificate","","","","","","","","","","","","","",""
"1999","Couple + C. LE 16","(3a) lower tertiary education","","","","","","","","","","","","","",""
"1999","Couple + C. LE 16","(3b) higher tertiary education","","","","","","","","","","","","","",""
"1999","Couple + C. LE and GT 16","(0) in school","","","","","","","","","","","","","",""
"1999","Couple + C. LE and GT 16","(1a) inadequately completed","","","","","","","","","","","","","",""
"1999","Couple + C. LE and GT 16","(1b) general elementary school","","","","","","","","","","","","","",""
"1999","Couple + C. LE and GT 16","(1c) basic vocational qualification","","","","","","","","","","","","","",""
"1999","Couple + C. LE and GT 16","(2a) intermediate vocational","","","","","","","","","","","","","",""
"1999","Couple + C. LE and GT 16","(2b) intermediate general qualification","","","","","","","","","","","","","",""
"1999","Couple + C. LE and GT 16","(2c_gen) general maturity certificate","","","","","","","","","","","","","",""
"1999","Couple + C. LE and GT 16","(2c_voc) vocational maturity certificate","","","","","","","","","","","","","",""
"1999","Couple + C. LE and GT 16","(3a) lower tertiary education","","","","","","","","","","","","","",""
"1999","Couple + C. LE and GT 16","(3b) higher tertiary education","","","","","","","","","","","","","",""
"1999","Single parent","(0) in school","","","","","","","","","","","","","",""
"1999","Single parent","(1a) inadequately completed","","","","","","","","","","","","","",""
"1999","Single parent","(1b) general elementary school","","","","","","","","","","","","","",""
"1999","Single parent","(1c) basic vocational qualification","","","","","","","","","","","","","",""
"1999","Single parent","(2a) intermediate vocational","","","","","","","","","","","","","",""
"1999","Single parent","(2b) intermediate general qualification","","","","","","","","","","","","","",""
"1999","Single parent","(2c_gen) general maturity certificate","","","","","","","","","","","","","",""
"1999","Single parent","(2c_voc) vocational maturity certificate","","","","","","","","","","","","","",""
"1999","Single parent","(3a) lower tertiary education","","","","","","","","","","","","","",""
"1999","Single parent","(3b) higher tertiary education","","","","","","","","","","","","","",""
"2000","(Married) couple without C.","(0) in school","","","","","","","","","","","","","",""
"2000","(Married) couple without C.","(1a) inadequately completed","","","","","","","","","","","","","",""
"2000","(Married) couple without C.","(1b) general elementary school","","","","","","","","","","","","","",""
"2000","(Married) couple without C.","(1c) basic vocational qualification","","","","","","","","","","","","","",""
"2000","(Married) couple without C.","(2a) intermediate vocational","","","","","","","","","","","","","",""
"2000","(Married) couple without C.","(2b) intermediate general qualification","","","","","","","","","","","","","",""
"2000","(Married) couple without C.","(2c_gen) general maturity certificate","","","","","","","","","","","","","",""
"2000","(Married) couple without C.","(2c_voc) vocational maturity certificate","","","","","","","","","","","","","",""
"2000","(Married) couple without C.","(3a) lower tertiary education","","","","","","","","","","","","","",""
"2000","(Married) couple without C.","(3b) higher tertiary education","","","","","","","","","","","","","",""
"2000","1-pers.-HH","(0) in school","","","","","","","","","","","","","",""
"2000","1-pers.-HH","(1a) inadequately completed","","","","","","","","","","","","","",""
"2000","1-pers.-HH","(1b) general elementary school","","","","","","","","","","","","","",""
"2000","1-pers.-HH","(1c) basic vocational qualification","","","","","","","","","","","","","",""
"2000","1-pers.-HH","(2a) intermediate vocational","","","","","","","","","","","","","",""
"2000","1-pers.-HH","(2b) intermediate general qualification","","","","","","","","","","","","","",""
"2000","1-pers.-HH","(2c_gen) general maturity certificate","","","","","","","","","","","","","",""
"2000","1-pers.-HH","(2c_voc) vocational maturity certificate","","","","","","","","","","","","","",""
"2000","1-pers.-HH","(3a) lower tertiary education","","","","","","","","","","","","","",""
"2000","1-pers.-HH","(3b) higher tertiary education","","","","","","","","","","","","","",""
"2000","Couple + C. GT 16 ","(0) in school","","","","","","","","","","","","","",""
"2000","Couple + C. GT 16 ","(1a) inadequately completed","","","","","","","","","","","","","",""
"2000","Couple + C. GT 16 ","(1b) general elementary school","","","","","","","","","","","","","",""
"2000","Couple + C. GT 16 ","(1c) basic vocational qualification","","","","","","","","","","","","","",""
"2000","Couple + C. GT 16 ","(2a) intermediate vocational","","","","","","","","","","","","","",""
"2000","Couple + C. GT 16 ","(2b) intermediate general qualification","","","","","","","","","","","","","",""
"2000","Couple + C. GT 16 ","(2c_gen) general maturity certificate","","","","","","","","","","","","","",""
"2000","Couple + C. GT 16 ","(2c_voc) vocational maturity certificate","","","","","","","","","","","","","",""
"2000","Couple + C. GT 16 ","(3a) lower tertiary education","","","","","","","","","","","","","",""
"2000","Couple + C. GT 16 ","(3b) higher tertiary education","","","","","","","","","","","","","",""
"2000","Couple + C. LE 16","(0) in school","","","","","","","","","","","","","",""
"2000","Couple + C. LE 16","(1a) inadequately completed","","","","","","","","","","","","","",""
"2000","Couple + C. LE 16","(1b) general elementary school","","","","","","","","","","","","","",""
"2000","Couple + C. LE 16","(1c) basic vocational qualification","","","","","","","","","","","","","",""
"2000","Couple + C. LE 16","(2a) intermediate vocational","","","","","","","","","","","","","",""
"2000","Couple + C. LE 16","(2b) intermediate general qualification","","","","","","","","","","","","","",""
"2000","Couple + C. LE 16","(2c_gen) general maturity certificate","","","","","","","","","","","","","",""
"2000","Couple + C. LE 16","(2c_voc) vocational maturity certificate","","","","","","","","","","","","","",""
"2000","Couple + C. LE 16","(3a) lower tertiary education","","","","","","","","","","","","","",""
"2000","Couple + C. LE 16","(3b) higher tertiary education","","","","","","","","","","","","","",""
"2000","Couple + C. LE and GT 16","(0) in school","","","","","","","","","","","","","",""
"2000","Couple + C. LE and GT 16","(1a) inadequately completed","","","","","","","","","","","","","",""
"2000","Couple + C. LE and GT 16","(1b) general elementary school","","","","","","","","","","","","","",""
"2000","Couple + C. LE and GT 16","(1c) basic vocational qualification","","","","","","","","","","","","","",""
"2000","Couple + C. LE and GT 16","(2a) intermediate vocational","","","","","","","","","","","","","",""
"2000","Couple + C. LE and GT 16","(2b) intermediate general qualification","","","","","","","","","","","","","",""
"2000","Couple + C. LE and GT 16","(2c_gen) general maturity certificate","","","","","","","","","","","","","",""
"2000","Couple + C. LE and GT 16","(2c_voc) vocational maturity certificate","","","","","","","","","","","","","",""
"2000","Couple + C. LE and GT 16","(3a) lower tertiary education","","","","","","","","","","","","","",""
"2000","Couple + C. LE and GT 16","(3b) higher tertiary education","","","","","","","","","","","","","",""
"2000","Single parent","(0) in school","","","","","","","","","","","","","",""
"2000","Single parent","(1a) inadequately completed","","","","","","","","","","","","","",""
"2000","Single parent","(1b) general elementary school","","","","","","","","","","","","","",""
"2000","Single parent","(1c) basic vocational qualification","","","","","","","","","","","","","",""
"2000","Single parent","(2a) intermediate vocational","","","","","","","","","","","","","",""
"2000","Single parent","(2b) intermediate general qualification","","","","","","","","","","","","","",""
"2000","Single parent","(2c_gen) general maturity certificate","","","","","","","","","","","","","",""
"2000","Single parent","(2c_voc) vocational maturity certificate","","","","","","","","","","","","","",""
"2000","Single parent","(3a) lower tertiary education","","","","","","","","","","","","","",""
"2000","Single parent","(3b) higher tertiary education","","","","","","","","","","","","","",""
"2001","(Married) couple without C.","(0) in school","","","","","","","","","","","","","",""
"2001","(Married) couple without C.","(1a) inadequately completed","","","","","","","","","","","","","",""
"2001","(Married) couple without C.","(1b) general elementary school","","","","","","","","","","","","","",""
"2001","(Married) couple without C.","(1c) basic vocational qualification","","","","","","","","","","","","","",""
"2001","(Married) couple without C.","(2a) intermediate vocational","","","","","","","","","","","","","",""
"2001","(Married) couple without C.","(2b) intermediate general qualification","","","","","","","","","","","","","",""
"2001","(Married) couple without C.","(2c_gen) general maturity certificate","","","","","","","","","","","","","",""
"2001","(Married) couple without C.","(2c_voc) vocational maturity certificate","","","","","","","","","","","","","",""
"2001","(Married) couple without C.","(3a) lower tertiary education","","","","","","","","","","","","","",""
"2001","(Married) couple without C.","(3b) higher tertiary education","","","","","","","","","","","","","",""
"2001","1-pers.-HH","(0) in school","","","","","","","","","","","","","",""
"2001","1-pers.-HH","(1a) inadequately completed","","","","","","","","","","","","","",""
"2001","1-pers.-HH","(1b) general elementary school","","","","","","","","","","","","","",""
"2001","1-pers.-HH","(1c) basic vocational qualification","","","","","","","","","","","","","",""
"2001","1-pers.-HH","(2a) intermediate vocational","","","","","","","","","","","","","",""
"2001","1-pers.-HH","(2b) intermediate general qualification","","","","","","","","","","","","","",""
"2001","1-pers.-HH","(2c_gen) general maturity certificate","","","","","","","","","","","","","",""
"2001","1-pers.-HH","(2c_voc) vocational maturity certificate","","","","","","","","","","","","","",""
"2001","1-pers.-HH","(3a) lower tertiary education","","","","","","","","","","","","","",""
"2001","1-pers.-HH","(3b) higher tertiary education","","","","","","","","","","","","","",""
"2001","Couple + C. GT 16 ","(0) in school","","","","","","","","","","","","","",""
"2001","Couple + C. GT 16 ","(1a) inadequately completed","","","","","","","","","","","","","",""
"2001","Couple + C. GT 16 ","(1b) general elementary school","","","","","","","","","","","","","",""
"2001","Couple + C. GT 16 ","(1c) basic vocational qualification","","","","","","","","","","","","","",""
"2001","Couple + C. GT 16 ","(2a) intermediate vocational","","","","","","","","","","","","","",""
"2001","Couple + C. GT 16 ","(2b) intermediate general qualification","","","","","","","","","","","","","",""
"2001","Couple + C. GT 16 ","(2c_gen) general maturity certificate","","","","","","","","","","","","","",""
"2001","Couple + C. GT 16 ","(2c_voc) vocational maturity certificate","","","","","","","","","","","","","",""
"2001","Couple + C. GT 16 ","(3a) lower tertiary education","","","","","","","","","","","","","",""
"2001","Couple + C. GT 16 ","(3b) higher tertiary education","","","","","","","","","","","","","",""
"2001","Couple + C. LE 16","(0) in school","","","","","","","","","","","","","",""
"2001","Couple + C. LE 16","(1a) inadequately completed","","","","","","","","","","","","","",""
"2001","Couple + C. LE 16","(1b) general elementary school","","","","","","","","","","","","","",""
"2001","Couple + C. LE 16","(1c) basic vocational qualification","","","","","","","","","","","","","",""
"2001","Couple + C. LE 16","(2a) intermediate vocational","","","","","","","","","","","","","",""
"2001","Couple + C. LE 16","(2b) intermediate general qualification","","","","","","","","","","","","","",""
"2001","Couple + C. LE 16","(2c_gen) general maturity certificate","","","","","","","","","","","","","",""
"2001","Couple + C. LE 16","(2c_voc) vocational maturity certificate","","","","","","","","","","","","","",""
"2001","Couple + C. LE 16","(3a) lower tertiary education","","","","","","","","","","","","","",""
"2001","Couple + C. LE 16","(3b) higher tertiary education","","","","","","","","","","","","","",""
"2001","Couple + C. LE and GT 16","(0) in school","","","","","","","","","","","","","",""
"2001","Couple + C. LE and GT 16","(1a) inadequately completed","","","","","","","","","","","","","",""
"2001","Couple + C. LE and GT 16","(1b) general elementary school","","","","","","","","","","","","","",""
"2001","Couple + C. LE and GT 16","(1c) basic vocational qualification","","","","","","","","","","","","","",""
"2001","Couple + C. LE and GT 16","(2a) intermediate vocational","","","","","","","","","","","","","",""
"2001","Couple + C. LE and GT 16","(2b) intermediate general qualification","","","","","","","","","","","","","",""
"2001","Couple + C. LE and GT 16","(2c_gen) general maturity certificate","","","","","","","","","","","","","",""
"2001","Couple + C. LE and GT 16","(2c_voc) vocational maturity certificate","","","","","","","","","","","","","",""
"2001","Couple + C. LE and GT 16","(3a) lower tertiary education","","","","","","","","","","","","","",""
"2001","Couple + C. LE and GT 16","(3b) higher tertiary education","","","","","","","","","","","","","",""
"2001","Single parent","(0) in school","","","","","","","","","","","","","",""
"2001","Single parent","(1a) inadequately completed","","","","","","","","","","","","","",""
"2001","Single parent","(1b) general elementary school","","","","","","","","","","","","","",""
"2001","Single parent","(1c) basic vocational qualification","","","","","","","","","","","","","",""
"2001","Single parent","(2a) intermediate vocational","","","","","","","","","","","","","",""
"2001","Single parent","(2b) intermediate general qualification","","","","","","","","","","","","","",""
"2001","Single parent","(2c_gen) general maturity certificate","","","","","","","","","","","","","",""
"2001","Single parent","(2c_voc) vocational maturity certificate","","","","","","","","","","","","","",""
"2001","Single parent","(3a) lower tertiary education","","","","","","","","","","","","","",""
"2001","Single parent","(3b) higher tertiary education","","","","","","","","","","","","","",""
"2002","(Married) couple without C.","(0) in school","","","","","","","","","","","","","",""
"2002","(Married) couple without C.","(1a) inadequately completed","","","","","","","","","","","","","",""
"2002","(Married) couple without C.","(1b) general elementary school","","","","","","","","","","","","","",""
"2002","(Married) couple without C.","(1c) basic vocational qualification","","","","","","","","","","","","","",""
"2002","(Married) couple without C.","(2a) intermediate vocational","","","","","","","","","","","","","",""
"2002","(Married) couple without C.","(2b) intermediate general qualification","","","","","","","","","","","","","",""
"2002","(Married) couple without C.","(2c_gen) general maturity certificate","","","","","","","","","","","","","",""
"2002","(Married) couple without C.","(2c_voc) vocational maturity certificate","","","","","","","","","","","","","",""
"2002","(Married) couple without C.","(3a) lower tertiary education","","","","","","","","","","","","","",""
"2002","(Married) couple without C.","(3b) higher tertiary education","","","","","","","","","","","","","",""
"2002","1-pers.-HH","(0) in school","","","","","","","","","","","","","",""
"2002","1-pers.-HH","(1a) inadequately completed","","","","","","","","","","","","","",""
"2002","1-pers.-HH","(1b) general elementary school","","","","","","","","","","","","","",""
"2002","1-pers.-HH","(1c) basic vocational qualification","","","","","","","","","","","","","",""
"2002","1-pers.-HH","(2a) intermediate vocational","","","","","","","","","","","","","",""
"2002","1-pers.-HH","(2b) intermediate general qualification","","","","","","","","","","","","","",""
"2002","1-pers.-HH","(2c_gen) general maturity certificate","","","","","","","","","","","","","",""
"2002","1-pers.-HH","(2c_voc) vocational maturity certificate","","","","","","","","","","","","","",""
"2002","1-pers.-HH","(3a) lower tertiary education","","","","","","","","","","","","","",""
"2002","1-pers.-HH","(3b) higher tertiary education","","","","","","","","","","","","","",""
"2002","Couple + C. GT 16 ","(0) in school","","","","","","","","","","","","","",""
"2002","Couple + C. GT 16 ","(1a) inadequately completed","","","","","","","","","","","","","",""
"2002","Couple + C. GT 16 ","(1b) general elementary school","","","","","","","","","","","","","",""
"2002","Couple + C. GT 16 ","(1c) basic vocational qualification","","","","","","","","","","","","","",""
"2002","Couple + C. GT 16 ","(2a) intermediate vocational","","","","","","","","","","","","","",""
"2002","Couple + C. GT 16 ","(2b) intermediate general qualification","","","","","","","","","","","","","",""
"2002","Couple + C. GT 16 ","(2c_gen) general maturity certificate","","","","","","","","","","","","","",""
"2002","Couple + C. GT 16 ","(2c_voc) vocational maturity certificate","","","","","","","","","","","","","",""
"2002","Couple + C. GT 16 ","(3a) lower tertiary education","","","","","","","","","","","","","",""
"2002","Couple + C. GT 16 ","(3b) higher tertiary education","","","","","","","","","","","","","",""
"2002","Couple + C. LE 16","(0) in school","","","","","","","","","","","","","",""
"2002","Couple + C. LE 16","(1a) inadequately completed","","","","","","","","","","","","","",""
"2002","Couple + C. LE 16","(1b) general elementary school","","","","","","","","","","","","","",""
"2002","Couple + C. LE 16","(1c) basic vocational qualification","","","","","","","","","","","","","",""
"2002","Couple + C. LE 16","(2a) intermediate vocational","","","","","","","","","","","","","",""
"2002","Couple + C. LE 16","(2b) intermediate general qualification","","","","","","","","","","","","","",""
"2002","Couple + C. LE 16","(2c_gen) general maturity certificate","","","","","","","","","","","","","",""
"2002","Couple + C. LE 16","(2c_voc) vocational maturity certificate","","","","","","","","","","","","","",""
"2002","Couple + C. LE 16","(3a) lower tertiary education","","","","","","","","","","","","","",""
"2002","Couple + C. LE 16","(3b) higher tertiary education","","","","","","","","","","","","","",""
"2002","Couple + C. LE and GT 16","(0) in school","","","","","","","","","","","","","",""
"2002","Couple + C. LE and GT 16","(1a) inadequately completed","","","","","","","","","","","","","",""
"2002","Couple + C. LE and GT 16","(1b) general elementary school","","","","","","","","","","","","","",""
"2002","Couple + C. LE and GT 16","(1c) basic vocational qualification","","","","","","","","","","","","","",""
"2002","Couple + C. LE and GT 16","(2a) intermediate vocational","","","","","","","","","","","","","",""
"2002","Couple + C. LE and GT 16","(2b) intermediate general qualification","","","","","","","","","","","","","",""
"2002","Couple + C. LE and GT 16","(2c_gen) general maturity certificate","","","","","","","","","","","","","",""
"2002","Couple + C. LE and GT 16","(2c_voc) vocational maturity certificate","","","","","","","","","","","","","",""
"2002","Couple + C. LE and GT 16","(3a) lower tertiary education","","","","","","","","","","","","","",""
"2002","Couple + C. LE and GT 16","(3b) higher tertiary education","","","","","","","","","","","","","",""
"2002","Single parent","(0) in school","","","","","","","","","","","","","",""
"2002","Single parent","(1a) inadequately completed","","","","","","","","","","","","","",""
"2002","Single parent","(1b) general elementary school","","","","","","","","","","","","","",""
"2002","Single parent","(1c) basic vocational qualification","","","","","","","","","","","","","",""
"2002","Single parent","(2a) intermediate vocational","","","","","","","","","","","","","",""
"2002","Single parent","(2b) intermediate general qualification","","","","","","","","","","","","","",""
"2002","Single parent","(2c_gen) general maturity certificate","","","","","","","","","","","","","",""
"2002","Single parent","(2c_voc) vocational maturity certificate","","","","","","","","","","","","","",""
"2002","Single parent","(3a) lower tertiary education","","","","","","","","","","","","","",""
"2002","Single parent","(3b) higher tertiary education","","","","","","","","","","","","","",""
"2003","(Married) couple without C.","(0) in school","","","","","","","","","","","","","",""
"2003","(Married) couple without C.","(1a) inadequately completed","4.77","5","86","4","5","5","5","5","4.65","4.89","2","5","5","5"
"2003","(Married) couple without C.","(1b) general elementary school","4.74","5","703","4","5","5","5","5","4.69","4.79","2","5","5","5"
"2003","(Married) couple without C.","(1c) basic vocational qualification","4.54","5","2675","4","4","5","5","5","4.51","4.57","1","5","5","5"
"2003","(Married) couple without C.","(2a) intermediate vocational","4.41","5","1449","3","4","5","5","5","4.37","4.45","1","5","5","5"
"2003","(Married) couple without C.","(2b) intermediate general qualification","4.57","5","80","3","4","5","5","5","4.39","4.75","2","5","5","5"
"2003","(Married) couple without C.","(2c_gen) general maturity certificate","4.52","5","126","4","4","5","5","5","4.39","4.65","2","5","4","5"
"2003","(Married) couple without C.","(2c_voc) vocational maturity certificate","4.36","5","463","3","4","5","5","5","4.28","4.44","1","5","4","5"
"2003","(Married) couple without C.","(3a) lower tertiary education","4.4","5","691","3","4","5","5","5","4.34","4.46","1","5","5","5"
"2003","(Married) couple without C.","(3b) higher tertiary education","4.41","5","958","3","4","5","5","5","4.36","4.46","2","5","5","5"
"2003","1-pers.-HH","(0) in school","","","","","","","","","","","","","",""
"2003","1-pers.-HH","(1a) inadequately completed","4.57","5","32","3","5","5","5","5","4.24","4.9","2","5","5","5"
"2003","1-pers.-HH","(1b) general elementary school","4.83","5","390","4","5","5","5","5","4.78","4.88","2","5","5","5"
"2003","1-pers.-HH","(1c) basic vocational qualification","4.62","5","933","4","4","5","5","5","4.57","4.67","1","5","5","5"
"2003","1-pers.-HH","(2a) intermediate vocational","4.39","5","640","3","4","5","5","5","4.33","4.45","1","5","5","5"
"2003","1-pers.-HH","(2b) intermediate general qualification","4.67","5","48","4","4","5","5","5","4.5","4.84","3","5","5","5"
"2003","1-pers.-HH","(2c_gen) general maturity certificate","4.23","4","131","3","4","5","5","5","4.07","4.39","2","5","4","5"
"2003","1-pers.-HH","(2c_voc) vocational maturity certificate","4.36","5","238","3","4","5","5","5","4.25","4.47","1","5","4","5"
"2003","1-pers.-HH","(3a) lower tertiary education","4.49","5","216","4","4","5","5","5","4.39","4.59","2","5","5","5"
"2003","1-pers.-HH","(3b) higher tertiary education","4.43","5","313","3","4","5","5","5","4.35","4.51","2","5","4","5"
"2003","Couple + C. GT 16 ","(0) in school","3.94","4","290","3","3","5","5","5","3.83","4.05","2","5","4","4"
"2003","Couple + C. GT 16 ","(1a) inadequately completed","4.65","5","48","4","5","5","5","5","4.42","4.88","2","5","5","5"
"2003","Couple + C. GT 16 ","(1b) general elementary school","4.58","5","329","3","4","5","5","5","4.5","4.66","2","5","5","5"
"2003","Couple + C. GT 16 ","(1c) basic vocational qualification","4.35","5","908","3","4","5","5","5","4.29","4.41","2","5","5","5"
"2003","Couple + C. GT 16 ","(2a) intermediate vocational","4.23","4","856","3","4","5","5","5","4.17","4.29","2","5","4","5"
"2003","Couple + C. GT 16 ","(2b) intermediate general qualification","3.84","4","223","2","3","5","5","5","3.71","3.97","1","5","4","4"
"2003","Couple + C. GT 16 ","(2c_gen) general maturity certificate","3.92","4","325","2","3","5","5","5","3.81","4.03","1","5","4","4"
"2003","Couple + C. GT 16 ","(2c_voc) vocational maturity certificate","4.26","4","217","3","4","5","5","5","4.14","4.38","2","5","4","4"
"2003","Couple + C. GT 16 ","(3a) lower tertiary education","4.48","5","259","4","4","5","5","5","4.39","4.57","2","5","4","5"
"2003","Couple + C. GT 16 ","(3b) higher tertiary education","4.43","5","402","4","4","5","5","5","4.36","4.5","2","5","4","5"
"2003","Couple + C. LE 16","(0) in school","","","","","","","","","","","","","",""
"2003","Couple + C. LE 16","(1a) inadequately completed","4.58","5","45","3","5","5","5","5","4.29","4.87","2","5","5","5"
"2003","Couple + C. LE 16","(1b) general elementary school","4.6","5","258","4","4","5","5","5","4.51","4.69","2","5","5","5"
"2003","Couple + C. LE 16","(1c) basic vocational qualification","4.29","5","998","3","4","5","5","5","4.23","4.35","1","5","4","5"
"2003","Couple + C. LE 16","(2a) intermediate vocational","4.26","4","1402","3","4","5","5","5","4.21","4.31","2","5","4","5"
"2003","Couple + C. LE 16","(2b) intermediate general qualification","4.44","5","65","3","4","5","5","5","4.18","4.7","1","5","4","5"
"2003","Couple + C. LE 16","(2c_gen) general maturity certificate","4.61","5","81","4","4","5","5","5","4.43","4.79","1","5","5","5"
"2003","Couple + C. LE 16","(2c_voc) vocational maturity certificate","4.23","4","479","3","4","5","5","5","4.15","4.31","2","5","4","5"
"2003","Couple + C. LE 16","(3a) lower tertiary education","4.32","4","359","3","4","5","5","5","4.24","4.4","2","5","4","5"
"2003","Couple + C. LE 16","(3b) higher tertiary education","4.38","5","652","3","4","5","5","5","4.32","4.44","1","5","4","5"
"2003","Couple + C. LE and GT 16","(0) in school","3.68","4","236","2","3","4","5","5","3.54","3.82","1","5","4","4"
"2003","Couple + C. LE and GT 16","(1a) inadequately completed","","","","","","","","","","","","","",""
"2003","Couple + C. LE and GT 16","(1b) general elementary school","4.31","5","185","2","4","5","5","5","4.17","4.45","2","5","5","5"
"2003","Couple + C. LE and GT 16","(1c) basic vocational qualification","4.27","5","334","2","4","5","5","5","4.17","4.37","2","5","5","5"
"2003","Couple + C. LE and GT 16","(2a) intermediate vocational","4.16","4","388","3","4","5","5","5","4.07","4.25","2","5","4","5"
"2003","Couple + C. LE and GT 16","(2b) intermediate general qualification","4.01","4","115","2","3","5","5","5","3.82","4.2","2","5","4","5"
"2003","Couple + C. LE and GT 16","(2c_gen) general maturity certificate","4.08","4","113","2","4","5","5","5","3.9","4.26","2","5","4","4"
"2003","Couple + C. LE and GT 16","(2c_voc) vocational maturity certificate","4.36","4.51","87","4","4","5","5","5","4.18","4.54","1","5","4","5"
"2003","Couple + C. LE and GT 16","(3a) lower tertiary education","4.07","4","108","2","4","5","5","5","3.89","4.25","2","5","4","5"
"2003","Couple + C. LE and GT 16","(3b) higher tertiary education","4.51","5","172","4","4","5","5","5","4.39","4.63","2","5","4","5"
"2003","Single parent","(0) in school","3.97","4","67","2","3","5","5","5","3.7","4.24","1","5","4","5"
"2003","Single parent","(1a) inadequately completed","","","","","","","","","","","","","",""
"2003","Single parent","(1b) general elementary school","4.6","5","164","3","4","5","5","5","4.48","4.72","2","5","5","5"
"2003","Single parent","(1c) basic vocational qualification","4.56","5","247","4","4","5","5","5","4.46","4.66","2","5","5","5"
"2003","Single parent","(2a) intermediate vocational","4.43","5","273","3","4","5","5","5","4.33","4.53","2","5","5","5"
"2003","Single parent","(2b) intermediate general qualification","4.19","4","76","3","4","5","5","5","3.99","4.39","2","5","4","5"
"2003","Single parent","(2c_gen) general maturity certificate","4.15","4","56","3","4","5","5","5","3.89","4.41","2","5","4","5"
"2003","Single parent","(2c_voc) vocational maturity certificate","4.24","4.8","56","2","4","5","5","5","4","4.48","2","5","4","5"
"2003","Single parent","(3a) lower tertiary education","4.36","5","51","3","4","5","5","5","4.15","4.57","2","5","4","5"
"2003","Single parent","(3b) higher tertiary education","4.35","4","71","3","4","5","5","5","4.17","4.53","2","5","4","5"
"2004","(Married) couple without C.","(0) in school","","","","","","","","","","","","","",""
"2004","(Married) couple without C.","(1a) inadequately completed","","","","","","","","","","","","","",""
"2004","(Married) couple without C.","(1b) general elementary school","","","","","","","","","","","","","",""
"2004","(Married) couple without C.","(1c) basic vocational qualification","","","","","","","","","","","","","",""
"2004","(Married) couple without C.","(2a) intermediate vocational","","","","","","","","","","","","","",""
"2004","(Married) couple without C.","(2b) intermediate general qualification","","","","","","","","","","","","","",""
"2004","(Married) couple without C.","(2c_gen) general maturity certificate","","","","","","","","","","","","","",""
"2004","(Married) couple without C.","(2c_voc) vocational maturity certificate","","","","","","","","","","","","","",""
"2004","(Married) couple without C.","(3a) lower tertiary education","","","","","","","","","","","","","",""
"2004","(Married) couple without C.","(3b) higher tertiary education","","","","","","","","","","","","","",""
"2004","1-pers.-HH","(0) in school","","","","","","","","","","","","","",""
"2004","1-pers.-HH","(1a) inadequately completed","","","","","","","","","","","","","",""
"2004","1-pers.-HH","(1b) general elementary school","","","","","","","","","","","","","",""
"2004","1-pers.-HH","(1c) basic vocational qualification","","","","","","","","","","","","","",""
"2004","1-pers.-HH","(2a) intermediate vocational","","","","","","","","","","","","","",""
"2004","1-pers.-HH","(2b) intermediate general qualification","","","","","","","","","","","","","",""
"2004","1-pers.-HH","(2c_gen) general maturity certificate","","","","","","","","","","","","","",""
"2004","1-pers.-HH","(2c_voc) vocational maturity certificate","","","","","","","","","","","","","",""
"2004","1-pers.-HH","(3a) lower tertiary education","","","","","","","","","","","","","",""
"2004","1-pers.-HH","(3b) higher tertiary education","","","","","","","","","","","","","",""
"2004","Couple + C. GT 16 ","(0) in school","","","","","","","","","","","","","",""
"2004","Couple + C. GT 16 ","(1a) inadequately completed","","","","","","","","","","","","","",""
"2004","Couple + C. GT 16 ","(1b) general elementary school","","","","","","","","","","","","","",""
"2004","Couple + C. GT 16 ","(1c) basic vocational qualification","","","","","","","","","","","","","",""
"2004","Couple + C. GT 16 ","(2a) intermediate vocational","","","","","","","","","","","","","",""
"2004","Couple + C. GT 16 ","(2b) intermediate general qualification","","","","","","","","","","","","","",""
"2004","Couple + C. GT 16 ","(2c_gen) general maturity certificate","","","","","","","","","","","","","",""
"2004","Couple + C. GT 16 ","(2c_voc) vocational maturity certificate","","","","","","","","","","","","","",""
"2004","Couple + C. GT 16 ","(3a) lower tertiary education","","","","","","","","","","","","","",""
"2004","Couple + C. GT 16 ","(3b) higher tertiary education","","","","","","","","","","","","","",""
"2004","Couple + C. LE 16","(0) in school","","","","","","","","","","","","","",""
"2004","Couple + C. LE 16","(1a) inadequately completed","","","","","","","","","","","","","",""
"2004","Couple + C. LE 16","(1b) general elementary school","","","","","","","","","","","","","",""
"2004","Couple + C. LE 16","(1c) basic vocational qualification","","","","","","","","","","","","","",""
"2004","Couple + C. LE 16","(2a) intermediate vocational","","","","","","","","","","","","","",""
"2004","Couple + C. LE 16","(2b) intermediate general qualification","","","","","","","","","","","","","",""
"2004","Couple + C. LE 16","(2c_gen) general maturity certificate","","","","","","","","","","","","","",""
"2004","Couple + C. LE 16","(2c_voc) vocational maturity certificate","","","","","","","","","","","","","",""
"2004","Couple + C. LE 16","(3a) lower tertiary education","","","","","","","","","","","","","",""
"2004","Couple + C. LE 16","(3b) higher tertiary education","","","","","","","","","","","","","",""
"2004","Couple + C. LE and GT 16","(0) in school","","","","","","","","","","","","","",""
"2004","Couple + C. LE and GT 16","(1a) inadequately completed","","","","","","","","","","","","","",""
"2004","Couple + C. LE and GT 16","(1b) general elementary school","","","","","","","","","","","","","",""
"2004","Couple + C. LE and GT 16","(1c) basic vocational qualification","","","","","","","","","","","","","",""
"2004","Couple + C. LE and GT 16","(2a) intermediate vocational","","","","","","","","","","","","","",""
"2004","Couple + C. LE and GT 16","(2b) intermediate general qualification","","","","","","","","","","","","","",""
"2004","Couple + C. LE and GT 16","(2c_gen) general maturity certificate","","","","","","","","","","","","","",""
"2004","Couple + C. LE and GT 16","(2c_voc) vocational maturity certificate","","","","","","","","","","","","","",""
"2004","Couple + C. LE and GT 16","(3a) lower tertiary education","","","","","","","","","","","","","",""
"2004","Couple + C. LE and GT 16","(3b) higher tertiary education","","","","","","","","","","","","","",""
"2004","Single parent","(0) in school","","","","","","","","","","","","","",""
"2004","Single parent","(1a) inadequately completed","","","","","","","","","","","","","",""
"2004","Single parent","(1b) general elementary school","","","","","","","","","","","","","",""
"2004","Single parent","(1c) basic vocational qualification","","","","","","","","","","","","","",""
"2004","Single parent","(2a) intermediate vocational","","","","","","","","","","","","","",""
"2004","Single parent","(2b) intermediate general qualification","","","","","","","","","","","","","",""
"2004","Single parent","(2c_gen) general maturity certificate","","","","","","","","","","","","","",""
"2004","Single parent","(2c_voc) vocational maturity certificate","","","","","","","","","","","","","",""
"2004","Single parent","(3a) lower tertiary education","","","","","","","","","","","","","",""
"2004","Single parent","(3b) higher tertiary education","","","","","","","","","","","","","",""
"2005","(Married) couple without C.","(0) in school","","","","","","","","","","","","","",""
"2005","(Married) couple without C.","(1a) inadequately completed","","","","","","","","","","","","","",""
"2005","(Married) couple without C.","(1b) general elementary school","","","","","","","","","","","","","",""
"2005","(Married) couple without C.","(1c) basic vocational qualification","","","","","","","","","","","","","",""
"2005","(Married) couple without C.","(2a) intermediate vocational","","","","","","","","","","","","","",""
"2005","(Married) couple without C.","(2b) intermediate general qualification","","","","","","","","","","","","","",""
"2005","(Married) couple without C.","(2c_gen) general maturity certificate","","","","","","","","","","","","","",""
"2005","(Married) couple without C.","(2c_voc) vocational maturity certificate","","","","","","","","","","","","","",""
"2005","(Married) couple without C.","(3a) lower tertiary education","","","","","","","","","","","","","",""
"2005","(Married) couple without C.","(3b) higher tertiary education","","","","","","","","","","","","","",""
"2005","1-pers.-HH","(0) in school","","","","","","","","","","","","","",""
"2005","1-pers.-HH","(1a) inadequately completed","","","","","","","","","","","","","",""
"2005","1-pers.-HH","(1b) general elementary school","","","","","","","","","","","","","",""
"2005","1-pers.-HH","(1c) basic vocational qualification","","","","","","","","","","","","","",""
"2005","1-pers.-HH","(2a) intermediate vocational","","","","","","","","","","","","","",""
"2005","1-pers.-HH","(2b) intermediate general qualification","","","","","","","","","","","","","",""
"2005","1-pers.-HH","(2c_gen) general maturity certificate","","","","","","","","","","","","","",""
"2005","1-pers.-HH","(2c_voc) vocational maturity certificate","","","","","","","","","","","","","",""
"2005","1-pers.-HH","(3a) lower tertiary education","","","","","","","","","","","","","",""
"2005","1-pers.-HH","(3b) higher tertiary education","","","","","","","","","","","","","",""
"2005","Couple + C. GT 16 ","(0) in school","","","","","","","","","","","","","",""
"2005","Couple + C. GT 16 ","(1a) inadequately completed","","","","","","","","","","","","","",""
"2005","Couple + C. GT 16 ","(1b) general elementary school","","","","","","","","","","","","","",""
"2005","Couple + C. GT 16 ","(1c) basic vocational qualification","","","","","","","","","","","","","",""
"2005","Couple + C. GT 16 ","(2a) intermediate vocational","","","","","","","","","","","","","",""
"2005","Couple + C. GT 16 ","(2b) intermediate general qualification","","","","","","","","","","","","","",""
"2005","Couple + C. GT 16 ","(2c_gen) general maturity certificate","","","","","","","","","","","","","",""
"2005","Couple + C. GT 16 ","(2c_voc) vocational maturity certificate","","","","","","","","","","","","","",""
"2005","Couple + C. GT 16 ","(3a) lower tertiary education","","","","","","","","","","","","","",""
"2005","Couple + C. GT 16 ","(3b) higher tertiary education","","","","","","","","","","","","","",""
"2005","Couple + C. LE 16","(0) in school","","","","","","","","","","","","","",""
"2005","Couple + C. LE 16","(1a) inadequately completed","","","","","","","","","","","","","",""
"2005","Couple + C. LE 16","(1b) general elementary school","","","","","","","","","","","","","",""
"2005","Couple + C. LE 16","(1c) basic vocational qualification","","","","","","","","","","","","","",""
"2005","Couple + C. LE 16","(2a) intermediate vocational","","","","","","","","","","","","","",""
"2005","Couple + C. LE 16","(2b) intermediate general qualification","","","","","","","","","","","","","",""
"2005","Couple + C. LE 16","(2c_gen) general maturity certificate","","","","","","","","","","","","","",""
"2005","Couple + C. LE 16","(2c_voc) vocational maturity certificate","","","","","","","","","","","","","",""
"2005","Couple + C. LE 16","(3a) lower tertiary education","","","","","","","","","","","","","",""
"2005","Couple + C. LE 16","(3b) higher tertiary education","","","","","","","","","","","","","",""
"2005","Couple + C. LE and GT 16","(0) in school","","","","","","","","","","","","","",""
"2005","Couple + C. LE and GT 16","(1a) inadequately completed","","","","","","","","","","","","","",""
"2005","Couple + C. LE and GT 16","(1b) general elementary school","","","","","","","","","","","","","",""
"2005","Couple + C. LE and GT 16","(1c) basic vocational qualification","","","","","","","","","","","","","",""
"2005","Couple + C. LE and GT 16","(2a) intermediate vocational","","","","","","","","","","","","","",""
"2005","Couple + C. LE and GT 16","(2b) intermediate general qualification","","","","","","","","","","","","","",""
"2005","Couple + C. LE and GT 16","(2c_gen) general maturity certificate","","","","","","","","","","","","","",""
"2005","Couple + C. LE and GT 16","(2c_voc) vocational maturity certificate","","","","","","","","","","","","","",""
"2005","Couple + C. LE and GT 16","(3a) lower tertiary education","","","","","","","","","","","","","",""
"2005","Couple + C. LE and GT 16","(3b) higher tertiary education","","","","","","","","","","","","","",""
"2005","Single parent","(0) in school","","","","","","","","","","","","","",""
"2005","Single parent","(1a) inadequately completed","","","","","","","","","","","","","",""
"2005","Single parent","(1b) general elementary school","","","","","","","","","","","","","",""
"2005","Single parent","(1c) basic vocational qualification","","","","","","","","","","","","","",""
"2005","Single parent","(2a) intermediate vocational","","","","","","","","","","","","","",""
"2005","Single parent","(2b) intermediate general qualification","","","","","","","","","","","","","",""
"2005","Single parent","(2c_gen) general maturity certificate","","","","","","","","","","","","","",""
"2005","Single parent","(2c_voc) vocational maturity certificate","","","","","","","","","","","","","",""
"2005","Single parent","(3a) lower tertiary education","","","","","","","","","","","","","",""
"2005","Single parent","(3b) higher tertiary education","","","","","","","","","","","","","",""
"2006","(Married) couple without C.","(0) in school","","","","","","","","","","","","","",""
"2006","(Married) couple without C.","(1a) inadequately completed","","","","","","","","","","","","","",""
"2006","(Married) couple without C.","(1b) general elementary school","","","","","","","","","","","","","",""
"2006","(Married) couple without C.","(1c) basic vocational qualification","","","","","","","","","","","","","",""
"2006","(Married) couple without C.","(2a) intermediate vocational","","","","","","","","","","","","","",""
"2006","(Married) couple without C.","(2b) intermediate general qualification","","","","","","","","","","","","","",""
"2006","(Married) couple without C.","(2c_gen) general maturity certificate","","","","","","","","","","","","","",""
"2006","(Married) couple without C.","(2c_voc) vocational maturity certificate","","","","","","","","","","","","","",""
"2006","(Married) couple without C.","(3a) lower tertiary education","","","","","","","","","","","","","",""
"2006","(Married) couple without C.","(3b) higher tertiary education","","","","","","","","","","","","","",""
"2006","1-pers.-HH","(0) in school","","","","","","","","","","","","","",""
"2006","1-pers.-HH","(1a) inadequately completed","","","","","","","","","","","","","",""
"2006","1-pers.-HH","(1b) general elementary school","","","","","","","","","","","","","",""
"2006","1-pers.-HH","(1c) basic vocational qualification","","","","","","","","","","","","","",""
"2006","1-pers.-HH","(2a) intermediate vocational","","","","","","","","","","","","","",""
"2006","1-pers.-HH","(2b) intermediate general qualification","","","","","","","","","","","","","",""
"2006","1-pers.-HH","(2c_gen) general maturity certificate","","","","","","","","","","","","","",""
"2006","1-pers.-HH","(2c_voc) vocational maturity certificate","","","","","","","","","","","","","",""
"2006","1-pers.-HH","(3a) lower tertiary education","","","","","","","","","","","","","",""
"2006","1-pers.-HH","(3b) higher tertiary education","","","","","","","","","","","","","",""
"2006","Couple + C. GT 16 ","(0) in school","","","","","","","","","","","","","",""
"2006","Couple + C. GT 16 ","(1a) inadequately completed","","","","","","","","","","","","","",""
"2006","Couple + C. GT 16 ","(1b) general elementary school","","","","","","","","","","","","","",""
"2006","Couple + C. GT 16 ","(1c) basic vocational qualification","","","","","","","","","","","","","",""
"2006","Couple + C. GT 16 ","(2a) intermediate vocational","","","","","","","","","","","","","",""
"2006","Couple + C. GT 16 ","(2b) intermediate general qualification","","","","","","","","","","","","","",""
"2006","Couple + C. GT 16 ","(2c_gen) general maturity certificate","","","","","","","","","","","","","",""
"2006","Couple + C. GT 16 ","(2c_voc) vocational maturity certificate","","","","","","","","","","","","","",""
"2006","Couple + C. GT 16 ","(3a) lower tertiary education","","","","","","","","","","","","","",""
"2006","Couple + C. GT 16 ","(3b) higher tertiary education","","","","","","","","","","","","","",""
"2006","Couple + C. LE 16","(0) in school","","","","","","","","","","","","","",""
"2006","Couple + C. LE 16","(1a) inadequately completed","","","","","","","","","","","","","",""
"2006","Couple + C. LE 16","(1b) general elementary school","","","","","","","","","","","","","",""
"2006","Couple + C. LE 16","(1c) basic vocational qualification","","","","","","","","","","","","","",""
"2006","Couple + C. LE 16","(2a) intermediate vocational","","","","","","","","","","","","","",""
"2006","Couple + C. LE 16","(2b) intermediate general qualification","","","","","","","","","","","","","",""
"2006","Couple + C. LE 16","(2c_gen) general maturity certificate","","","","","","","","","","","","","",""
"2006","Couple + C. LE 16","(2c_voc) vocational maturity certificate","","","","","","","","","","","","","",""
"2006","Couple + C. LE 16","(3a) lower tertiary education","","","","","","","","","","","","","",""
"2006","Couple + C. LE 16","(3b) higher tertiary education","","","","","","","","","","","","","",""
"2006","Couple + C. LE and GT 16","(0) in school","","","","","","","","","","","","","",""
"2006","Couple + C. LE and GT 16","(1a) inadequately completed","","","","","","","","","","","","","",""
"2006","Couple + C. LE and GT 16","(1b) general elementary school","","","","","","","","","","","","","",""
"2006","Couple + C. LE and GT 16","(1c) basic vocational qualification","","","","","","","","","","","","","",""
"2006","Couple + C. LE and GT 16","(2a) intermediate vocational","","","","","","","","","","","","","",""
"2006","Couple + C. LE and GT 16","(2b) intermediate general qualification","","","","","","","","","","","","","",""
"2006","Couple + C. LE and GT 16","(2c_gen) general maturity certificate","","","","","","","","","","","","","",""
"2006","Couple + C. LE and GT 16","(2c_voc) vocational maturity certificate","","","","","","","","","","","","","",""
"2006","Couple + C. LE and GT 16","(3a) lower tertiary education","","","","","","","","","","","","","",""
"2006","Couple + C. LE and GT 16","(3b) higher tertiary education","","","","","","","","","","","","","",""
"2006","Single parent","(0) in school","","","","","","","","","","","","","",""
"2006","Single parent","(1a) inadequately completed","","","","","","","","","","","","","",""
"2006","Single parent","(1b) general elementary school","","","","","","","","","","","","","",""
"2006","Single parent","(1c) basic vocational qualification","","","","","","","","","","","","","",""
"2006","Single parent","(2a) intermediate vocational","","","","","","","","","","","","","",""
"2006","Single parent","(2b) intermediate general qualification","","","","","","","","","","","","","",""
"2006","Single parent","(2c_gen) general maturity certificate","","","","","","","","","","","","","",""
"2006","Single parent","(2c_voc) vocational maturity certificate","","","","","","","","","","","","","",""
"2006","Single parent","(3a) lower tertiary education","","","","","","","","","","","","","",""
"2006","Single parent","(3b) higher tertiary education","","","","","","","","","","","","","",""
"2007","(Married) couple without C.","(0) in school","","","","","","","","","","","","","",""
"2007","(Married) couple without C.","(1a) inadequately completed","","","","","","","","","","","","","",""
"2007","(Married) couple without C.","(1b) general elementary school","","","","","","","","","","","","","",""
"2007","(Married) couple without C.","(1c) basic vocational qualification","","","","","","","","","","","","","",""
"2007","(Married) couple without C.","(2a) intermediate vocational","","","","","","","","","","","","","",""
"2007","(Married) couple without C.","(2b) intermediate general qualification","","","","","","","","","","","","","",""
"2007","(Married) couple without C.","(2c_gen) general maturity certificate","","","","","","","","","","","","","",""
"2007","(Married) couple without C.","(2c_voc) vocational maturity certificate","","","","","","","","","","","","","",""
"2007","(Married) couple without C.","(3a) lower tertiary education","","","","","","","","","","","","","",""
"2007","(Married) couple without C.","(3b) higher tertiary education","","","","","","","","","","","","","",""
"2007","1-pers.-HH","(0) in school","","","","","","","","","","","","","",""
"2007","1-pers.-HH","(1a) inadequately completed","","","","","","","","","","","","","",""
"2007","1-pers.-HH","(1b) general elementary school","","","","","","","","","","","","","",""
"2007","1-pers.-HH","(1c) basic vocational qualification","","","","","","","","","","","","","",""
"2007","1-pers.-HH","(2a) intermediate vocational","","","","","","","","","","","","","",""
"2007","1-pers.-HH","(2b) intermediate general qualification","","","","","","","","","","","","","",""
"2007","1-pers.-HH","(2c_gen) general maturity certificate","","","","","","","","","","","","","",""
"2007","1-pers.-HH","(2c_voc) vocational maturity certificate","","","","","","","","","","","","","",""
"2007","1-pers.-HH","(3a) lower tertiary education","","","","","","","","","","","","","",""
"2007","1-pers.-HH","(3b) higher tertiary education","","","","","","","","","","","","","",""
"2007","Couple + C. GT 16 ","(0) in school","","","","","","","","","","","","","",""
"2007","Couple + C. GT 16 ","(1a) inadequately completed","","","","","","","","","","","","","",""
"2007","Couple + C. GT 16 ","(1b) general elementary school","","","","","","","","","","","","","",""
"2007","Couple + C. GT 16 ","(1c) basic vocational qualification","","","","","","","","","","","","","",""
"2007","Couple + C. GT 16 ","(2a) intermediate vocational","","","","","","","","","","","","","",""
"2007","Couple + C. GT 16 ","(2b) intermediate general qualification","","","","","","","","","","","","","",""
"2007","Couple + C. GT 16 ","(2c_gen) general maturity certificate","","","","","","","","","","","","","",""
"2007","Couple + C. GT 16 ","(2c_voc) vocational maturity certificate","","","","","","","","","","","","","",""
"2007","Couple + C. GT 16 ","(3a) lower tertiary education","","","","","","","","","","","","","",""
"2007","Couple + C. GT 16 ","(3b) higher tertiary education","","","","","","","","","","","","","",""
"2007","Couple + C. LE 16","(0) in school","","","","","","","","","","","","","",""
"2007","Couple + C. LE 16","(1a) inadequately completed","","","","","","","","","","","","","",""
"2007","Couple + C. LE 16","(1b) general elementary school","","","","","","","","","","","","","",""
"2007","Couple + C. LE 16","(1c) basic vocational qualification","","","","","","","","","","","","","",""
"2007","Couple + C. LE 16","(2a) intermediate vocational","","","","","","","","","","","","","",""
"2007","Couple + C. LE 16","(2b) intermediate general qualification","","","","","","","","","","","","","",""
"2007","Couple + C. LE 16","(2c_gen) general maturity certificate","","","","","","","","","","","","","",""
"2007","Couple + C. LE 16","(2c_voc) vocational maturity certificate","","","","","","","","","","","","","",""
"2007","Couple + C. LE 16","(3a) lower tertiary education","","","","","","","","","","","","","",""
"2007","Couple + C. LE 16","(3b) higher tertiary education","","","","","","","","","","","","","",""
"2007","Couple + C. LE and GT 16","(0) in school","","","","","","","","","","","","","",""
"2007","Couple + C. LE and GT 16","(1a) inadequately completed","","","","","","","","","","","","","",""
"2007","Couple + C. LE and GT 16","(1b) general elementary school","","","","","","","","","","","","","",""
"2007","Couple + C. LE and GT 16","(1c) basic vocational qualification","","","","","","","","","","","","","",""
"2007","Couple + C. LE and GT 16","(2a) intermediate vocational","","","","","","","","","","","","","",""
"2007","Couple + C. LE and GT 16","(2b) intermediate general qualification","","","","","","","","","","","","","",""
"2007","Couple + C. LE and GT 16","(2c_gen) general maturity certificate","","","","","","","","","","","","","",""
"2007","Couple + C. LE and GT 16","(2c_voc) vocational maturity certificate","","","","","","","","","","","","","",""
"2007","Couple + C. LE and GT 16","(3a) lower tertiary education","","","","","","","","","","","","","",""
"2007","Couple + C. LE and GT 16","(3b) higher tertiary education","","","","","","","","","","","","","",""
"2007","Single parent","(0) in school","","","","","","","","","","","","","",""
"2007","Single parent","(1a) inadequately completed","","","","","","","","","","","","","",""
"2007","Single parent","(1b) general elementary school","","","","","","","","","","","","","",""
"2007","Single parent","(1c) basic vocational qualification","","","","","","","","","","","","","",""
"2007","Single parent","(2a) intermediate vocational","","","","","","","","","","","","","",""
"2007","Single parent","(2b) intermediate general qualification","","","","","","","","","","","","","",""
"2007","Single parent","(2c_gen) general maturity certificate","","","","","","","","","","","","","",""
"2007","Single parent","(2c_voc) vocational maturity certificate","","","","","","","","","","","","","",""
"2007","Single parent","(3a) lower tertiary education","","","","","","","","","","","","","",""
"2007","Single parent","(3b) higher tertiary education","","","","","","","","","","","","","",""
"2008","(Married) couple without C.","(0) in school","","","","","","","","","","","","","",""
"2008","(Married) couple without C.","(1a) inadequately completed","4.82","5","78","4","5","5","5","5","4.7","4.94","2","5","5","5"
"2008","(Married) couple without C.","(1b) general elementary school","4.75","5","544","4","5","5","5","5","4.7","4.8","2","5","5","5"
"2008","(Married) couple without C.","(1c) basic vocational qualification","4.5","5","2411","3","4","5","5","5","4.47","4.53","2","5","5","5"
"2008","(Married) couple without C.","(2a) intermediate vocational","4.39","5","1545","3","4","5","5","5","4.35","4.43","2","5","5","5"
"2008","(Married) couple without C.","(2b) intermediate general qualification","4.17","4.91","78","2","4","5","5","5","3.99","4.35","2","5","5","5"
"2008","(Married) couple without C.","(2c_gen) general maturity certificate","4.32","5","131","2","4","5","5","5","4.17","4.47","2","5","4","5"
"2008","(Married) couple without C.","(2c_voc) vocational maturity certificate","4.39","5","436","3","4","5","5","5","4.31","4.47","1","5","5","5"
"2008","(Married) couple without C.","(3a) lower tertiary education","4.38","5","733","3","4","5","5","5","4.32","4.44","1","5","4","5"
"2008","(Married) couple without C.","(3b) higher tertiary education","4.46","5","1044","4","4","5","5","5","4.42","4.5","1","5","5","5"
"2008","1-pers.-HH","(0) in school","","","","","","","","","","","","","",""
"2008","1-pers.-HH","(1a) inadequately completed","4.64","5","30","3","5","5","5","5","4.34","4.94","2","5","5","5"
"2008","1-pers.-HH","(1b) general elementary school","4.73","5","366","4","5","5","5","5","4.67","4.79","2","5","5","5"
"2008","1-pers.-HH","(1c) basic vocational qualification","4.61","5","902","4","4","5","5","5","4.56","4.66","1","5","5","5"
"2008","1-pers.-HH","(2a) intermediate vocational","4.45","5","651","3","4","5","5","5","4.39","4.51","2","5","5","5"
"2008","1-pers.-HH","(2b) intermediate general qualification","4.69","5","46","4","4","5","5","5","4.48","4.9","2","5","5","5"
"2008","1-pers.-HH","(2c_gen) general maturity certificate","4.38","5","132","3","4","5","5","5","4.22","4.54","2","5","4","5"
"2008","1-pers.-HH","(2c_voc) vocational maturity certificate","4.4","5","235","3","4","5","5","5","4.29","4.51","2","5","4","5"
"2008","1-pers.-HH","(3a) lower tertiary education","4.5","5","250","4","4","5","5","5","4.41","4.59","2","5","4","5"
"2008","1-pers.-HH","(3b) higher tertiary education","4.33","5","368","3","4","5","5","5","4.25","4.41","2","5","4","5"
"2008","Couple + C. GT 16 ","(0) in school","3.67","4","158","2","3","5","5","5","3.49","3.85","1","5","3","4"
"2008","Couple + C. GT 16 ","(1a) inadequately completed","","","","","","","","","","","","","",""
"2008","Couple + C. GT 16 ","(1b) general elementary school","4.48","5","242","3","4","5","5","5","4.37","4.59","1","5","5","5"
"2008","Couple + C. GT 16 ","(1c) basic vocational qualification","4.34","5","762","3","4","5","5","5","4.28","4.4","1","5","5","5"
"2008","Couple + C. GT 16 ","(2a) intermediate vocational","4.2","4","773","3","4","5","5","5","4.14","4.26","1","5","4","5"
"2008","Couple + C. GT 16 ","(2b) intermediate general qualification","4.04","4","156","2","4","5","5","5","3.88","4.2","2","5","4","4"
"2008","Couple + C. GT 16 ","(2c_gen) general maturity certificate","3.89","4","247","2","3","5","5","5","3.76","4.02","1","5","4","4"
"2008","Couple + C. GT 16 ","(2c_voc) vocational maturity certificate","4.22","4","190","3","4","5","5","5","4.1","4.34","2","5","4","4"
"2008","Couple + C. GT 16 ","(3a) lower tertiary education","4.33","4","214","3","4","5","5","5","4.22","4.44","2","5","4","5"
"2008","Couple + C. GT 16 ","(3b) higher tertiary education","4.34","5","391","3","4","5","5","5","4.26","4.42","2","5","4","5"
"2008","Couple + C. LE 16","(0) in school","","","","","","","","","","","","","",""
"2008","Couple + C. LE 16","(1a) inadequately completed","","","","","","","","","","","","","",""
"2008","Couple + C. LE 16","(1b) general elementary school","4.63","5","159","4","5","5","5","5","4.5","4.76","2","5","5","5"
"2008","Couple + C. LE 16","(1c) basic vocational qualification","4.18","4","633","3","4","5","5","5","4.11","4.25","2","5","4","5"
"2008","Couple + C. LE 16","(2a) intermediate vocational","4.17","4","1033","3","4","5","5","5","4.12","4.22","2","5","4","4"
"2008","Couple + C. LE 16","(2b) intermediate general qualification","4.27","4","58","3","4","5","5","5","4.04","4.5","2","5","4","5"
"2008","Couple + C. LE 16","(2c_gen) general maturity certificate","4.74","5","74","4","5","5","5","5","4.57","4.91","2","5","5","5"
"2008","Couple + C. LE 16","(2c_voc) vocational maturity certificate","4.28","4","417","3","4","5","5","5","4.21","4.35","2","5","4","5"
"2008","Couple + C. LE 16","(3a) lower tertiary education","4.32","4","269","3","4","5","5","5","4.22","4.42","2","5","4","5"
"2008","Couple + C. LE 16","(3b) higher tertiary education","4.31","4","508","3","4","5","5","5","4.24","4.38","1","5","4","5"
"2008","Couple + C. LE and GT 16","(0) in school","3.71","4","129","2","3","5","5","5","3.54","3.88","2","5","4","4"
"2008","Couple + C. LE and GT 16","(1a) inadequately completed","","","","","","","","","","","","","",""
"2008","Couple + C. LE and GT 16","(1b) general elementary school","4.42","5","80","3","4","5","5","5","4.23","4.61","2","5","4","5"
"2008","Couple + C. LE and GT 16","(1c) basic vocational qualification","4.01","4","210","2","3","5","5","5","3.87","4.15","1","5","4","5"
"2008","Couple + C. LE and GT 16","(2a) intermediate vocational","4.04","4","282","2","4","5","5","5","3.93","4.15","1","5","4","5"
"2008","Couple + C. LE and GT 16","(2b) intermediate general qualification","3.8","4","69","2","3","5","5","5","3.52","4.08","1","5","4","5"
"2008","Couple + C. LE and GT 16","(2c_gen) general maturity certificate","4.42","5","58","3","4","5","5","5","4.16","4.68","1","5","4","5"
"2008","Couple + C. LE and GT 16","(2c_voc) vocational maturity certificate","4.12","4","86","2","4","5","5","5","3.94","4.3","2","5","4","5"
"2008","Couple + C. LE and GT 16","(3a) lower tertiary education","4.5","5","86","4","4","5","5","5","4.31","4.69","1","5","4","5"
"2008","Couple + C. LE and GT 16","(3b) higher tertiary education","4.32","5","127","3","4","5","5","5","4.17","4.47","1","5","4","5"
"2008","Single parent","(0) in school","3.6","4","58","2","3","5","5","5","3.29","3.91","1","5","3","4"
"2008","Single parent","(1a) inadequately completed","","","","","","","","","","","","","",""
"2008","Single parent","(1b) general elementary school","4.78","5","127","4","5","5","5","5","4.69","4.87","3","5","5","5"
"2008","Single parent","(1c) basic vocational qualification","4.41","5","216","3","4","5","5","5","4.29","4.53","2","5","5","5"
"2008","Single parent","(2a) intermediate vocational","4.38","5","266","3","4","5","5","5","4.28","4.48","1","5","4","5"
"2008","Single parent","(2b) intermediate general qualification","4.38","5","64","2","4","5","5","5","4.13","4.63","2","5","4","5"
"2008","Single parent","(2c_gen) general maturity certificate","3.96","4","73","2","3","5","5","5","3.73","4.19","2","5","4","4"
"2008","Single parent","(2c_voc) vocational maturity certificate","4.35","4","57","4","4","5","5","5","4.16","4.54","2","5","4","5"
"2008","Single parent","(3a) lower tertiary education","4.4","5","68","3","4","5","5","5","4.22","4.58","2","5","4","5"
"2008","Single parent","(3b) higher tertiary education","4.5","5","82","3","4","5","5","5","4.31","4.69","2","5","5","5"
"2009","(Married) couple without C.","(0) in school","","","","","","","","","","","","","",""
"2009","(Married) couple without C.","(1a) inadequately completed","","","","","","","","","","","","","",""
"2009","(Married) couple without C.","(1b) general elementary school","","","","","","","","","","","","","",""
"2009","(Married) couple without C.","(1c) basic vocational qualification","","","","","","","","","","","","","",""
"2009","(Married) couple without C.","(2a) intermediate vocational","","","","","","","","","","","","","",""
"2009","(Married) couple without C.","(2b) intermediate general qualification","","","","","","","","","","","","","",""
"2009","(Married) couple without C.","(2c_gen) general maturity certificate","","","","","","","","","","","","","",""
"2009","(Married) couple without C.","(2c_voc) vocational maturity certificate","","","","","","","","","","","","","",""
"2009","(Married) couple without C.","(3a) lower tertiary education","","","","","","","","","","","","","",""
"2009","(Married) couple without C.","(3b) higher tertiary education","","","","","","","","","","","","","",""
"2009","1-pers.-HH","(0) in school","","","","","","","","","","","","","",""
"2009","1-pers.-HH","(1a) inadequately completed","","","","","","","","","","","","","",""
"2009","1-pers.-HH","(1b) general elementary school","","","","","","","","","","","","","",""
"2009","1-pers.-HH","(1c) basic vocational qualification","","","","","","","","","","","","","",""
"2009","1-pers.-HH","(2a) intermediate vocational","","","","","","","","","","","","","",""
"2009","1-pers.-HH","(2b) intermediate general qualification","","","","","","","","","","","","","",""
"2009","1-pers.-HH","(2c_gen) general maturity certificate","","","","","","","","","","","","","",""
"2009","1-pers.-HH","(2c_voc) vocational maturity certificate","","","","","","","","","","","","","",""
"2009","1-pers.-HH","(3a) lower tertiary education","","","","","","","","","","","","","",""
"2009","1-pers.-HH","(3b) higher tertiary education","","","","","","","","","","","","","",""
"2009","Couple + C. GT 16 ","(0) in school","","","","","","","","","","","","","",""
"2009","Couple + C. GT 16 ","(1a) inadequately completed","","","","","","","","","","","","","",""
"2009","Couple + C. GT 16 ","(1b) general elementary school","","","","","","","","","","","","","",""
"2009","Couple + C. GT 16 ","(1c) basic vocational qualification","","","","","","","","","","","","","",""
"2009","Couple + C. GT 16 ","(2a) intermediate vocational","","","","","","","","","","","","","",""
"2009","Couple + C. GT 16 ","(2b) intermediate general qualification","","","","","","","","","","","","","",""
"2009","Couple + C. GT 16 ","(2c_gen) general maturity certificate","","","","","","","","","","","","","",""
"2009","Couple + C. GT 16 ","(2c_voc) vocational maturity certificate","","","","","","","","","","","","","",""
"2009","Couple + C. GT 16 ","(3a) lower tertiary education","","","","","","","","","","","","","",""
"2009","Couple + C. GT 16 ","(3b) higher tertiary education","","","","","","","","","","","","","",""
"2009","Couple + C. LE 16","(0) in school","","","","","","","","","","","","","",""
"2009","Couple + C. LE 16","(1a) inadequately completed","","","","","","","","","","","","","",""
"2009","Couple + C. LE 16","(1b) general elementary school","","","","","","","","","","","","","",""
"2009","Couple + C. LE 16","(1c) basic vocational qualification","","","","","","","","","","","","","",""
"2009","Couple + C. LE 16","(2a) intermediate vocational","","","","","","","","","","","","","",""
"2009","Couple + C. LE 16","(2b) intermediate general qualification","","","","","","","","","","","","","",""
"2009","Couple + C. LE 16","(2c_gen) general maturity certificate","","","","","","","","","","","","","",""
"2009","Couple + C. LE 16","(2c_voc) vocational maturity certificate","","","","","","","","","","","","","",""
"2009","Couple + C. LE 16","(3a) lower tertiary education","","","","","","","","","","","","","",""
"2009","Couple + C. LE 16","(3b) higher tertiary education","","","","","","","","","","","","","",""
"2009","Couple + C. LE and GT 16","(0) in school","","","","","","","","","","","","","",""
"2009","Couple + C. LE and GT 16","(1a) inadequately completed","","","","","","","","","","","","","",""
"2009","Couple + C. LE and GT 16","(1b) general elementary school","","","","","","","","","","","","","",""
"2009","Couple + C. LE and GT 16","(1c) basic vocational qualification","","","","","","","","","","","","","",""
"2009","Couple + C. LE and GT 16","(2a) intermediate vocational","","","","","","","","","","","","","",""
"2009","Couple + C. LE and GT 16","(2b) intermediate general qualification","","","","","","","","","","","","","",""
"2009","Couple + C. LE and GT 16","(2c_gen) general maturity certificate","","","","","","","","","","","","","",""
"2009","Couple + C. LE and GT 16","(2c_voc) vocational maturity certificate","","","","","","","","","","","","","",""
"2009","Couple + C. LE and GT 16","(3a) lower tertiary education","","","","","","","","","","","","","",""
"2009","Couple + C. LE and GT 16","(3b) higher tertiary education","","","","","","","","","","","","","",""
"2009","Single parent","(0) in school","","","","","","","","","","","","","",""
"2009","Single parent","(1a) inadequately completed","","","","","","","","","","","","","",""
"2009","Single parent","(1b) general elementary school","","","","","","","","","","","","","",""
"2009","Single parent","(1c) basic vocational qualification","","","","","","","","","","","","","",""
"2009","Single parent","(2a) intermediate vocational","","","","","","","","","","","","","",""
"2009","Single parent","(2b) intermediate general qualification","","","","","","","","","","","","","",""
"2009","Single parent","(2c_gen) general maturity certificate","","","","","","","","","","","","","",""
"2009","Single parent","(2c_voc) vocational maturity certificate","","","","","","","","","","","","","",""
"2009","Single parent","(3a) lower tertiary education","","","","","","","","","","","","","",""
"2009","Single parent","(3b) higher tertiary education","","","","","","","","","","","","","",""
"2010","(Married) couple without C.","(0) in school","","","","","","","","","","","","","",""
"2010","(Married) couple without C.","(1a) inadequately completed","","","","","","","","","","","","","",""
"2010","(Married) couple without C.","(1b) general elementary school","","","","","","","","","","","","","",""
"2010","(Married) couple without C.","(1c) basic vocational qualification","","","","","","","","","","","","","",""
"2010","(Married) couple without C.","(2a) intermediate vocational","","","","","","","","","","","","","",""
"2010","(Married) couple without C.","(2b) intermediate general qualification","","","","","","","","","","","","","",""
"2010","(Married) couple without C.","(2c_gen) general maturity certificate","","","","","","","","","","","","","",""
"2010","(Married) couple without C.","(2c_voc) vocational maturity certificate","","","","","","","","","","","","","",""
"2010","(Married) couple without C.","(3a) lower tertiary education","","","","","","","","","","","","","",""
"2010","(Married) couple without C.","(3b) higher tertiary education","","","","","","","","","","","","","",""
"2010","1-pers.-HH","(0) in school","","","","","","","","","","","","","",""
"2010","1-pers.-HH","(1a) inadequately completed","","","","","","","","","","","","","",""
"2010","1-pers.-HH","(1b) general elementary school","","","","","","","","","","","","","",""
"2010","1-pers.-HH","(1c) basic vocational qualification","","","","","","","","","","","","","",""
"2010","1-pers.-HH","(2a) intermediate vocational","","","","","","","","","","","","","",""
"2010","1-pers.-HH","(2b) intermediate general qualification","","","","","","","","","","","","","",""
"2010","1-pers.-HH","(2c_gen) general maturity certificate","","","","","","","","","","","","","",""
"2010","1-pers.-HH","(2c_voc) vocational maturity certificate","","","","","","","","","","","","","",""
"2010","1-pers.-HH","(3a) lower tertiary education","","","","","","","","","","","","","",""
"2010","1-pers.-HH","(3b) higher tertiary education","","","","","","","","","","","","","",""
"2010","Couple + C. GT 16 ","(0) in school","","","","","","","","","","","","","",""
"2010","Couple + C. GT 16 ","(1a) inadequately completed","","","","","","","","","","","","","",""
"2010","Couple + C. GT 16 ","(1b) general elementary school","","","","","","","","","","","","","",""
"2010","Couple + C. GT 16 ","(1c) basic vocational qualification","","","","","","","","","","","","","",""
"2010","Couple + C. GT 16 ","(2a) intermediate vocational","","","","","","","","","","","","","",""
"2010","Couple + C. GT 16 ","(2b) intermediate general qualification","","","","","","","","","","","","","",""
"2010","Couple + C. GT 16 ","(2c_gen) general maturity certificate","","","","","","","","","","","","","",""
"2010","Couple + C. GT 16 ","(2c_voc) vocational maturity certificate","","","","","","","","","","","","","",""
"2010","Couple + C. GT 16 ","(3a) lower tertiary education","","","","","","","","","","","","","",""
"2010","Couple + C. GT 16 ","(3b) higher tertiary education","","","","","","","","","","","","","",""
"2010","Couple + C. LE 16","(0) in school","","","","","","","","","","","","","",""
"2010","Couple + C. LE 16","(1a) inadequately completed","","","","","","","","","","","","","",""
"2010","Couple + C. LE 16","(1b) general elementary school","","","","","","","","","","","","","",""
"2010","Couple + C. LE 16","(1c) basic vocational qualification","","","","","","","","","","","","","",""
"2010","Couple + C. LE 16","(2a) intermediate vocational","","","","","","","","","","","","","",""
"2010","Couple + C. LE 16","(2b) intermediate general qualification","","","","","","","","","","","","","",""
"2010","Couple + C. LE 16","(2c_gen) general maturity certificate","","","","","","","","","","","","","",""
"2010","Couple + C. LE 16","(2c_voc) vocational maturity certificate","","","","","","","","","","","","","",""
"2010","Couple + C. LE 16","(3a) lower tertiary education","","","","","","","","","","","","","",""
"2010","Couple + C. LE 16","(3b) higher tertiary education","","","","","","","","","","","","","",""
"2010","Couple + C. LE and GT 16","(0) in school","","","","","","","","","","","","","",""
"2010","Couple + C. LE and GT 16","(1a) inadequately completed","","","","","","","","","","","","","",""
"2010","Couple + C. LE and GT 16","(1b) general elementary school","","","","","","","","","","","","","",""
"2010","Couple + C. LE and GT 16","(1c) basic vocational qualification","","","","","","","","","","","","","",""
"2010","Couple + C. LE and GT 16","(2a) intermediate vocational","","","","","","","","","","","","","",""
"2010","Couple + C. LE and GT 16","(2b) intermediate general qualification","","","","","","","","","","","","","",""
"2010","Couple + C. LE and GT 16","(2c_gen) general maturity certificate","","","","","","","","","","","","","",""
"2010","Couple + C. LE and GT 16","(2c_voc) vocational maturity certificate","","","","","","","","","","","","","",""
"2010","Couple + C. LE and GT 16","(3a) lower tertiary education","","","","","","","","","","","","","",""
"2010","Couple + C. LE and GT 16","(3b) higher tertiary education","","","","","","","","","","","","","",""
"2010","Single parent","(0) in school","","","","","","","","","","","","","",""
"2010","Single parent","(1a) inadequately completed","","","","","","","","","","","","","",""
"2010","Single parent","(1b) general elementary school","","","","","","","","","","","","","",""
"2010","Single parent","(1c) basic vocational qualification","","","","","","","","","","","","","",""
"2010","Single parent","(2a) intermediate vocational","","","","","","","","","","","","","",""
"2010","Single parent","(2b) intermediate general qualification","","","","","","","","","","","","","",""
"2010","Single parent","(2c_gen) general maturity certificate","","","","","","","","","","","","","",""
"2010","Single parent","(2c_voc) vocational maturity certificate","","","","","","","","","","","","","",""
"2010","Single parent","(3a) lower tertiary education","","","","","","","","","","","","","",""
"2010","Single parent","(3b) higher tertiary education","","","","","","","","","","","","","",""
"2011","(Married) couple without C.","(0) in school","","","","","","","","","","","","","",""
"2011","(Married) couple without C.","(1a) inadequately completed","","","","","","","","","","","","","",""
"2011","(Married) couple without C.","(1b) general elementary school","","","","","","","","","","","","","",""
"2011","(Married) couple without C.","(1c) basic vocational qualification","","","","","","","","","","","","","",""
"2011","(Married) couple without C.","(2a) intermediate vocational","","","","","","","","","","","","","",""
"2011","(Married) couple without C.","(2b) intermediate general qualification","","","","","","","","","","","","","",""
"2011","(Married) couple without C.","(2c_gen) general maturity certificate","","","","","","","","","","","","","",""
"2011","(Married) couple without C.","(2c_voc) vocational maturity certificate","","","","","","","","","","","","","",""
"2011","(Married) couple without C.","(3a) lower tertiary education","","","","","","","","","","","","","",""
"2011","(Married) couple without C.","(3b) higher tertiary education","","","","","","","","","","","","","",""
"2011","1-pers.-HH","(0) in school","","","","","","","","","","","","","",""
"2011","1-pers.-HH","(1a) inadequately completed","","","","","","","","","","","","","",""
"2011","1-pers.-HH","(1b) general elementary school","","","","","","","","","","","","","",""
"2011","1-pers.-HH","(1c) basic vocational qualification","","","","","","","","","","","","","",""
"2011","1-pers.-HH","(2a) intermediate vocational","","","","","","","","","","","","","",""
"2011","1-pers.-HH","(2b) intermediate general qualification","","","","","","","","","","","","","",""
"2011","1-pers.-HH","(2c_gen) general maturity certificate","","","","","","","","","","","","","",""
"2011","1-pers.-HH","(2c_voc) vocational maturity certificate","","","","","","","","","","","","","",""
"2011","1-pers.-HH","(3a) lower tertiary education","","","","","","","","","","","","","",""
"2011","1-pers.-HH","(3b) higher tertiary education","","","","","","","","","","","","","",""
"2011","Couple + C. GT 16 ","(0) in school","","","","","","","","","","","","","",""
"2011","Couple + C. GT 16 ","(1a) inadequately completed","","","","","","","","","","","","","",""
"2011","Couple + C. GT 16 ","(1b) general elementary school","","","","","","","","","","","","","",""
"2011","Couple + C. GT 16 ","(1c) basic vocational qualification","","","","","","","","","","","","","",""
"2011","Couple + C. GT 16 ","(2a) intermediate vocational","","","","","","","","","","","","","",""
"2011","Couple + C. GT 16 ","(2b) intermediate general qualification","","","","","","","","","","","","","",""
"2011","Couple + C. GT 16 ","(2c_gen) general maturity certificate","","","","","","","","","","","","","",""
"2011","Couple + C. GT 16 ","(2c_voc) vocational maturity certificate","","","","","","","","","","","","","",""
"2011","Couple + C. GT 16 ","(3a) lower tertiary education","","","","","","","","","","","","","",""
"2011","Couple + C. GT 16 ","(3b) higher tertiary education","","","","","","","","","","","","","",""
"2011","Couple + C. LE 16","(0) in school","","","","","","","","","","","","","",""
"2011","Couple + C. LE 16","(1a) inadequately completed","","","","","","","","","","","","","",""
"2011","Couple + C. LE 16","(1b) general elementary school","","","","","","","","","","","","","",""
"2011","Couple + C. LE 16","(1c) basic vocational qualification","","","","","","","","","","","","","",""
"2011","Couple + C. LE 16","(2a) intermediate vocational","","","","","","","","","","","","","",""
"2011","Couple + C. LE 16","(2b) intermediate general qualification","","","","","","","","","","","","","",""
"2011","Couple + C. LE 16","(2c_gen) general maturity certificate","","","","","","","","","","","","","",""
"2011","Couple + C. LE 16","(2c_voc) vocational maturity certificate","","","","","","","","","","","","","",""
"2011","Couple + C. LE 16","(3a) lower tertiary education","","","","","","","","","","","","","",""
"2011","Couple + C. LE 16","(3b) higher tertiary education","","","","","","","","","","","","","",""
"2011","Couple + C. LE and GT 16","(0) in school","","","","","","","","","","","","","",""
"2011","Couple + C. LE and GT 16","(1a) inadequately completed","","","","","","","","","","","","","",""
"2011","Couple + C. LE and GT 16","(1b) general elementary school","","","","","","","","","","","","","",""
"2011","Couple + C. LE and GT 16","(1c) basic vocational qualification","","","","","","","","","","","","","",""
"2011","Couple + C. LE and GT 16","(2a) intermediate vocational","","","","","","","","","","","","","",""
"2011","Couple + C. LE and GT 16","(2b) intermediate general qualification","","","","","","","","","","","","","",""
"2011","Couple + C. LE and GT 16","(2c_gen) general maturity certificate","","","","","","","","","","","","","",""
"2011","Couple + C. LE and GT 16","(2c_voc) vocational maturity certificate","","","","","","","","","","","","","",""
"2011","Couple + C. LE and GT 16","(3a) lower tertiary education","","","","","","","","","","","","","",""
"2011","Couple + C. LE and GT 16","(3b) higher tertiary education","","","","","","","","","","","","","",""
"2011","Single parent","(0) in school","","","","","","","","","","","","","",""
"2011","Single parent","(1a) inadequately completed","","","","","","","","","","","","","",""
"2011","Single parent","(1b) general elementary school","","","","","","","","","","","","","",""
"2011","Single parent","(1c) basic vocational qualification","","","","","","","","","","","","","",""
"2011","Single parent","(2a) intermediate vocational","","","","","","","","","","","","","",""
"2011","Single parent","(2b) intermediate general qualification","","","","","","","","","","","","","",""
"2011","Single parent","(2c_gen) general maturity certificate","","","","","","","","","","","","","",""
"2011","Single parent","(2c_voc) vocational maturity certificate","","","","","","","","","","","","","",""
"2011","Single parent","(3a) lower tertiary education","","","","","","","","","","","","","",""
"2011","Single parent","(3b) higher tertiary education","","","","","","","","","","","","","",""
"2012","(Married) couple without C.","(0) in school","","","","","","","","","","","","","",""
"2012","(Married) couple without C.","(1a) inadequately completed","","","","","","","","","","","","","",""
"2012","(Married) couple without C.","(1b) general elementary school","","","","","","","","","","","","","",""
"2012","(Married) couple without C.","(1c) basic vocational qualification","","","","","","","","","","","","","",""
"2012","(Married) couple without C.","(2a) intermediate vocational","","","","","","","","","","","","","",""
"2012","(Married) couple without C.","(2b) intermediate general qualification","","","","","","","","","","","","","",""
"2012","(Married) couple without C.","(2c_gen) general maturity certificate","","","","","","","","","","","","","",""
"2012","(Married) couple without C.","(2c_voc) vocational maturity certificate","","","","","","","","","","","","","",""
"2012","(Married) couple without C.","(3a) lower tertiary education","","","","","","","","","","","","","",""
"2012","(Married) couple without C.","(3b) higher tertiary education","","","","","","","","","","","","","",""
"2012","1-pers.-HH","(0) in school","","","","","","","","","","","","","",""
"2012","1-pers.-HH","(1a) inadequately completed","","","","","","","","","","","","","",""
"2012","1-pers.-HH","(1b) general elementary school","","","","","","","","","","","","","",""
"2012","1-pers.-HH","(1c) basic vocational qualification","","","","","","","","","","","","","",""
"2012","1-pers.-HH","(2a) intermediate vocational","","","","","","","","","","","","","",""
"2012","1-pers.-HH","(2b) intermediate general qualification","","","","","","","","","","","","","",""
"2012","1-pers.-HH","(2c_gen) general maturity certificate","","","","","","","","","","","","","",""
"2012","1-pers.-HH","(2c_voc) vocational maturity certificate","","","","","","","","","","","","","",""
"2012","1-pers.-HH","(3a) lower tertiary education","","","","","","","","","","","","","",""
"2012","1-pers.-HH","(3b) higher tertiary education","","","","","","","","","","","","","",""
"2012","Couple + C. GT 16 ","(0) in school","","","","","","","","","","","","","",""
"2012","Couple + C. GT 16 ","(1a) inadequately completed","","","","","","","","","","","","","",""
"2012","Couple + C. GT 16 ","(1b) general elementary school","","","","","","","","","","","","","",""
"2012","Couple + C. GT 16 ","(1c) basic vocational qualification","","","","","","","","","","","","","",""
"2012","Couple + C. GT 16 ","(2a) intermediate vocational","","","","","","","","","","","","","",""
"2012","Couple + C. GT 16 ","(2b) intermediate general qualification","","","","","","","","","","","","","",""
"2012","Couple + C. GT 16 ","(2c_gen) general maturity certificate","","","","","","","","","","","","","",""
"2012","Couple + C. GT 16 ","(2c_voc) vocational maturity certificate","","","","","","","","","","","","","",""
"2012","Couple + C. GT 16 ","(3a) lower tertiary education","","","","","","","","","","","","","",""
"2012","Couple + C. GT 16 ","(3b) higher tertiary education","","","","","","","","","","","","","",""
"2012","Couple + C. LE 16","(0) in school","","","","","","","","","","","","","",""
"2012","Couple + C. LE 16","(1a) inadequately completed","","","","","","","","","","","","","",""
"2012","Couple + C. LE 16","(1b) general elementary school","","","","","","","","","","","","","",""
"2012","Couple + C. LE 16","(1c) basic vocational qualification","","","","","","","","","","","","","",""
"2012","Couple + C. LE 16","(2a) intermediate vocational","","","","","","","","","","","","","",""
"2012","Couple + C. LE 16","(2b) intermediate general qualification","","","","","","","","","","","","","",""
"2012","Couple + C. LE 16","(2c_gen) general maturity certificate","","","","","","","","","","","","","",""
"2012","Couple + C. LE 16","(2c_voc) vocational maturity certificate","","","","","","","","","","","","","",""
"2012","Couple + C. LE 16","(3a) lower tertiary education","","","","","","","","","","","","","",""
"2012","Couple + C. LE 16","(3b) higher tertiary education","","","","","","","","","","","","","",""
"2012","Couple + C. LE and GT 16","(0) in school","","","","","","","","","","","","","",""
"2012","Couple + C. LE and GT 16","(1a) inadequately completed","","","","","","","","","","","","","",""
"2012","Couple + C. LE and GT 16","(1b) general elementary school","","","","","","","","","","","","","",""
"2012","Couple + C. LE and GT 16","(1c) basic vocational qualification","","","","","","","","","","","","","",""
"2012","Couple + C. LE and GT 16","(2a) intermediate vocational","","","","","","","","","","","","","",""
"2012","Couple + C. LE and GT 16","(2b) intermediate general qualification","","","","","","","","","","","","","",""
"2012","Couple + C. LE and GT 16","(2c_gen) general maturity certificate","","","","","","","","","","","","","",""
"2012","Couple + C. LE and GT 16","(2c_voc) vocational maturity certificate","","","","","","","","","","","","","",""
"2012","Couple + C. LE and GT 16","(3a) lower tertiary education","","","","","","","","","","","","","",""
"2012","Couple + C. LE and GT 16","(3b) higher tertiary education","","","","","","","","","","","","","",""
"2012","Single parent","(0) in school","","","","","","","","","","","","","",""
"2012","Single parent","(1a) inadequately completed","","","","","","","","","","","","","",""
"2012","Single parent","(1b) general elementary school","","","","","","","","","","","","","",""
"2012","Single parent","(1c) basic vocational qualification","","","","","","","","","","","","","",""
"2012","Single parent","(2a) intermediate vocational","","","","","","","","","","","","","",""
"2012","Single parent","(2b) intermediate general qualification","","","","","","","","","","","","","",""
"2012","Single parent","(2c_gen) general maturity certificate","","","","","","","","","","","","","",""
"2012","Single parent","(2c_voc) vocational maturity certificate","","","","","","","","","","","","","",""
"2012","Single parent","(3a) lower tertiary education","","","","","","","","","","","","","",""
"2012","Single parent","(3b) higher tertiary education","","","","","","","","","","","","","",""
"2013","(Married) couple without C.","(0) in school","","","","","","","","","","","","","",""
"2013","(Married) couple without C.","(1a) inadequately completed","4.78","5","72","4","5","5","5","5","4.64","4.92","2","5","5","5"
"2013","(Married) couple without C.","(1b) general elementary school","4.65","5","525","4","5","5","5","5","4.59","4.71","2","5","5","5"
"2013","(Married) couple without C.","(1c) basic vocational qualification","4.46","5","2367","3","4","5","5","5","4.43","4.49","1","5","5","5"
"2013","(Married) couple without C.","(2a) intermediate vocational","4.35","5","1793","3","4","5","5","5","4.31","4.39","1","5","5","5"
"2013","(Married) couple without C.","(2b) intermediate general qualification","4.45","5","109","4","4","5","5","5","4.3","4.6","2","5","5","5"
"2013","(Married) couple without C.","(2c_gen) general maturity certificate","4.44","5","147","4","4","5","5","5","4.3","4.58","2","5","4","5"
"2013","(Married) couple without C.","(2c_voc) vocational maturity certificate","4.26","4","495","3","4","5","5","5","4.19","4.33","1","5","4","5"
"2013","(Married) couple without C.","(3a) lower tertiary education","4.27","4","761","3","4","5","5","5","4.21","4.33","1","5","4","5"
"2013","(Married) couple without C.","(3b) higher tertiary education","4.42","5","1265","3","4","5","5","5","4.38","4.46","1","5","5","5"
"2013","1-pers.-HH","(0) in school","","","","","","","","","","","","","",""
"2013","1-pers.-HH","(1a) inadequately completed","4.75","5","62","4","5","5","5","5","4.63","4.87","3","5","5","5"
"2013","1-pers.-HH","(1b) general elementary school","4.73","5","385","4","5","5","5","5","4.66","4.8","1","5","5","5"
"2013","1-pers.-HH","(1c) basic vocational qualification","4.6","5","943","4","4","5","5","5","4.55","4.65","1","5","5","5"
"2013","1-pers.-HH","(2a) intermediate vocational","4.43","5","769","3","4","5","5","5","4.37","4.49","1","5","5","5"
"2013","1-pers.-HH","(2b) intermediate general qualification","4.53","5","70","4","4","5","5","5","4.34","4.72","2","5","5","5"
"2013","1-pers.-HH","(2c_gen) general maturity certificate","4.2","4","173","3","4","5","5","5","4.06","4.34","2","5","4","5"
"2013","1-pers.-HH","(2c_voc) vocational maturity certificate","4.32","5","265","3","4","5","5","5","4.22","4.42","2","5","4","5"
"2013","1-pers.-HH","(3a) lower tertiary education","4.41","5","311","3","4","5","5","5","4.32","4.5","2","5","4","5"
"2013","1-pers.-HH","(3b) higher tertiary education","4.36","5","497","3","4","5","5","5","4.29","4.43","1","5","4","5"
"2013","Couple + C. GT 16 ","(0) in school","3.57","4","125","2","3","4","5","5","3.38","3.76","1","5","4","4"
"2013","Couple + C. GT 16 ","(1a) inadequately completed","","","","","","","","","","","","","",""
"2013","Couple + C. GT 16 ","(1b) general elementary school","4.43","5","159","3","4","5","5","5","4.29","4.57","2","5","5","5"
"2013","Couple + C. GT 16 ","(1c) basic vocational qualification","4.31","5","597","3","4","5","5","5","4.24","4.38","2","5","4","5"
"2013","Couple + C. GT 16 ","(2a) intermediate vocational","4.11","4","681","3","4","5","5","5","4.04","4.18","1","5","4","4"
"2013","Couple + C. GT 16 ","(2b) intermediate general qualification","3.75","4","114","2","3","5","5","5","3.55","3.95","1","5","4","4"
"2013","Couple + C. GT 16 ","(2c_gen) general maturity certificate","3.76","4","223","2","3","5","5","5","3.63","3.89","1","5","4","4"
"2013","Couple + C. GT 16 ","(2c_voc) vocational maturity certificate","3.99","4","191","2","3","5","5","5","3.86","4.12","2","5","4","5"
"2013","Couple + C. GT 16 ","(3a) lower tertiary education","4.27","4","201","3","4","5","5","5","4.15","4.39","2","5","4","5"
"2013","Couple + C. GT 16 ","(3b) higher tertiary education","4.12","4","313","3","4","5","5","5","4.02","4.22","2","5","4","5"
"2013","Couple + C. LE 16","(0) in school","","","","","","","","","","","","","",""
"2013","Couple + C. LE 16","(1a) inadequately completed","4.45","5","117","3","4","5","5","5","4.3","4.6","2","5","5","5"
"2013","Couple + C. LE 16","(1b) general elementary school","4.49","5","363","3","4","5","5","5","4.4","4.58","2","5","5","5"
"2013","Couple + C. LE 16","(1c) basic vocational qualification","4.14","4","1059","2","4","5","5","5","4.08","4.2","1","5","4","5"
"2013","Couple + C. LE 16","(2a) intermediate vocational","4.08","4","1952","3","4","5","5","5","4.04","4.12","1","5","4","4"
"2013","Couple + C. LE 16","(2b) intermediate general qualification","4.18","4","122","2","4","5","5","5","4","4.36","2","5","4","5"
"2013","Couple + C. LE 16","(2c_gen) general maturity certificate","4.26","5","187","2","4","5","5","5","4.12","4.4","1","5","5","5"
"2013","Couple + C. LE 16","(2c_voc) vocational maturity certificate","4.09","4","846","3","4","5","5","5","4.03","4.15","2","5","4","4"
"2013","Couple + C. LE 16","(3a) lower tertiary education","4.14","4","544","3","4","5","5","5","4.06","4.22","2","5","4","4"
"2013","Couple + C. LE 16","(3b) higher tertiary education","4.22","4","1196","3","4","5","5","5","4.17","4.27","1","5","4","4"
"2013","Couple + C. LE and GT 16","(0) in school","3.86","4","183","2","3","5","5","5","3.71","4.01","2","5","4","4"
"2013","Couple + C. LE and GT 16","(1a) inadequately completed","4.62","5","35","4","4","5","5","5","4.41","4.83","2","5","5","5"
"2013","Couple + C. LE and GT 16","(1b) general elementary school","4.37","5","172","3","4","5","5","5","4.23","4.51","1","5","5","5"
"2013","Couple + C. LE and GT 16","(1c) basic vocational qualification","4.07","4","332","3","3","5","5","5","3.96","4.18","2","5","4","5"
"2013","Couple + C. LE and GT 16","(2a) intermediate vocational","4.07","4","419","3","4","5","5","5","3.97","4.17","1","5","4","4"
"2013","Couple + C. LE and GT 16","(2b) intermediate general qualification","3.82","4","120","2","3","5","5","5","3.63","4.01","2","5","4","4"
"2013","Couple + C. LE and GT 16","(2c_gen) general maturity certificate","4.1","4","147","3","4","5","5","5","3.93","4.27","1","5","4","4"
"2013","Couple + C. LE and GT 16","(2c_voc) vocational maturity certificate","4.13","4","181","3","4","5","5","5","4","4.26","2","5","4","4"
"2013","Couple + C. LE and GT 16","(3a) lower tertiary education","3.92","4","116","2","3","5","5","5","3.74","4.1","2","5","4","4"
"2013","Couple + C. LE and GT 16","(3b) higher tertiary education","4.04","4","195","3","4","5","5","5","3.91","4.17","2","5","4","4"
"2013","Single parent","(0) in school","3.86","4","123","2","3","5","5","5","3.67","4.05","1","5","4","4"
"2013","Single parent","(1a) inadequately completed","4.62","5","41","3","5","5","5","5","4.36","4.88","2","5","5","5"
"2013","Single parent","(1b) general elementary school","4.53","5","247","3","4","5","5","5","4.41","4.65","1","5","5","5"
"2013","Single parent","(1c) basic vocational qualification","4.41","5","406","3","4","5","5","5","4.32","4.5","1","5","5","5"
"2013","Single parent","(2a) intermediate vocational","4.29","5","762","3","4","5","5","5","4.23","4.35","2","5","5","5"
"2013","Single parent","(2b) intermediate general qualification","4.15","5","162","2","3","5","5","5","4","4.3","2","5","4","5"
"2013","Single parent","(2c_gen) general maturity certificate","3.97","4","129","2","3","5","5","5","3.79","4.15","1","5","4","5"
"2013","Single parent","(2c_voc) vocational maturity certificate","4.25","4","238","3","4","5","5","5","4.14","4.36","1","5","4","5"
"2013","Single parent","(3a) lower tertiary education","4.07","4","138","2","4","5","5","5","3.92","4.22","2","5","4","5"
"2013","Single parent","(3b) higher tertiary education","4.1","4","235","3","4","5","5","5","3.99","4.21","2","5","4","5"
"2014","(Married) couple without C.","(0) in school","","","","","","","","","","","","","",""
"2014","(Married) couple without C.","(1a) inadequately completed","","","","","","","","","","","","","",""
"2014","(Married) couple without C.","(1b) general elementary school","","","","","","","","","","","","","",""
"2014","(Married) couple without C.","(1c) basic vocational qualification","","","","","","","","","","","","","",""
"2014","(Married) couple without C.","(2a) intermediate vocational","","","","","","","","","","","","","",""
"2014","(Married) couple without C.","(2b) intermediate general qualification","","","","","","","","","","","","","",""
"2014","(Married) couple without C.","(2c_gen) general maturity certificate","","","","","","","","","","","","","",""
"2014","(Married) couple without C.","(2c_voc) vocational maturity certificate","","","","","","","","","","","","","",""
"2014","(Married) couple without C.","(3a) lower tertiary education","","","","","","","","","","","","","",""
"2014","(Married) couple without C.","(3b) higher tertiary education","","","","","","","","","","","","","",""
"2014","1-pers.-HH","(0) in school","","","","","","","","","","","","","",""
"2014","1-pers.-HH","(1a) inadequately completed","","","","","","","","","","","","","",""
"2014","1-pers.-HH","(1b) general elementary school","","","","","","","","","","","","","",""
"2014","1-pers.-HH","(1c) basic vocational qualification","","","","","","","","","","","","","",""
"2014","1-pers.-HH","(2a) intermediate vocational","","","","","","","","","","","","","",""
"2014","1-pers.-HH","(2b) intermediate general qualification","","","","","","","","","","","","","",""
"2014","1-pers.-HH","(2c_gen) general maturity certificate","","","","","","","","","","","","","",""
"2014","1-pers.-HH","(2c_voc) vocational maturity certificate","","","","","","","","","","","","","",""
"2014","1-pers.-HH","(3a) lower tertiary education","","","","","","","","","","","","","",""
"2014","1-pers.-HH","(3b) higher tertiary education","","","","","","","","","","","","","",""
"2014","Couple + C. GT 16 ","(0) in school","","","","","","","","","","","","","",""
"2014","Couple + C. GT 16 ","(1a) inadequately completed","","","","","","","","","","","","","",""
"2014","Couple + C. GT 16 ","(1b) general elementary school","","","","","","","","","","","","","",""
"2014","Couple + C. GT 16 ","(1c) basic vocational qualification","","","","","","","","","","","","","",""
"2014","Couple + C. GT 16 ","(2a) intermediate vocational","","","","","","","","","","","","","",""
"2014","Couple + C. GT 16 ","(2b) intermediate general qualification","","","","","","","","","","","","","",""
"2014","Couple + C. GT 16 ","(2c_gen) general maturity certificate","","","","","","","","","","","","","",""
"2014","Couple + C. GT 16 ","(2c_voc) vocational maturity certificate","","","","","","","","","","","","","",""
"2014","Couple + C. GT 16 ","(3a) lower tertiary education","","","","","","","","","","","","","",""
"2014","Couple + C. GT 16 ","(3b) higher tertiary education","","","","","","","","","","","","","",""
"2014","Couple + C. LE 16","(0) in school","","","","","","","","","","","","","",""
"2014","Couple + C. LE 16","(1a) inadequately completed","","","","","","","","","","","","","",""
"2014","Couple + C. LE 16","(1b) general elementary school","","","","","","","","","","","","","",""
"2014","Couple + C. LE 16","(1c) basic vocational qualification","","","","","","","","","","","","","",""
"2014","Couple + C. LE 16","(2a) intermediate vocational","","","","","","","","","","","","","",""
"2014","Couple + C. LE 16","(2b) intermediate general qualification","","","","","","","","","","","","","",""
"2014","Couple + C. LE 16","(2c_gen) general maturity certificate","","","","","","","","","","","","","",""
"2014","Couple + C. LE 16","(2c_voc) vocational maturity certificate","","","","","","","","","","","","","",""
"2014","Couple + C. LE 16","(3a) lower tertiary education","","","","","","","","","","","","","",""
"2014","Couple + C. LE 16","(3b) higher tertiary education","","","","","","","","","","","","","",""
"2014","Couple + C. LE and GT 16","(0) in school","","","","","","","","","","","","","",""
"2014","Couple + C. LE and GT 16","(1a) inadequately completed","","","","","","","","","","","","","",""
"2014","Couple + C. LE and GT 16","(1b) general elementary school","","","","","","","","","","","","","",""
"2014","Couple + C. LE and GT 16","(1c) basic vocational qualification","","","","","","","","","","","","","",""
"2014","Couple + C. LE and GT 16","(2a) intermediate vocational","","","","","","","","","","","","","",""
"2014","Couple + C. LE and GT 16","(2b) intermediate general qualification","","","","","","","","","","","","","",""
"2014","Couple + C. LE and GT 16","(2c_gen) general maturity certificate","","","","","","","","","","","","","",""
"2014","Couple + C. LE and GT 16","(2c_voc) vocational maturity certificate","","","","","","","","","","","","","",""
"2014","Couple + C. LE and GT 16","(3a) lower tertiary education","","","","","","","","","","","","","",""
"2014","Couple + C. LE and GT 16","(3b) higher tertiary education","","","","","","","","","","","","","",""
"2014","Single parent","(0) in school","","","","","","","","","","","","","",""
"2014","Single parent","(1a) inadequately completed","","","","","","","","","","","","","",""
"2014","Single parent","(1b) general elementary school","","","","","","","","","","","","","",""
"2014","Single parent","(1c) basic vocational qualification","","","","","","","","","","","","","",""
"2014","Single parent","(2a) intermediate vocational","","","","","","","","","","","","","",""
"2014","Single parent","(2b) intermediate general qualification","","","","","","","","","","","","","",""
"2014","Single parent","(2c_gen) general maturity certificate","","","","","","","","","","","","","",""
"2014","Single parent","(2c_voc) vocational maturity certificate","","","","","","","","","","","","","",""
"2014","Single parent","(3a) lower tertiary education","","","","","","","","","","","","","",""
"2014","Single parent","(3b) higher tertiary education","","","","","","","","","","","","","",""
"2015","(Married) couple without C.","(0) in school","","","","","","","","","","","","","",""
"2015","(Married) couple without C.","(1a) inadequately completed","","","","","","","","","","","","","",""
"2015","(Married) couple without C.","(1b) general elementary school","","","","","","","","","","","","","",""
"2015","(Married) couple without C.","(1c) basic vocational qualification","","","","","","","","","","","","","",""
"2015","(Married) couple without C.","(2a) intermediate vocational","","","","","","","","","","","","","",""
"2015","(Married) couple without C.","(2b) intermediate general qualification","","","","","","","","","","","","","",""
"2015","(Married) couple without C.","(2c_gen) general maturity certificate","","","","","","","","","","","","","",""
"2015","(Married) couple without C.","(2c_voc) vocational maturity certificate","","","","","","","","","","","","","",""
"2015","(Married) couple without C.","(3a) lower tertiary education","","","","","","","","","","","","","",""
"2015","(Married) couple without C.","(3b) higher tertiary education","","","","","","","","","","","","","",""
"2015","1-pers.-HH","(0) in school","","","","","","","","","","","","","",""
"2015","1-pers.-HH","(1a) inadequately completed","","","","","","","","","","","","","",""
"2015","1-pers.-HH","(1b) general elementary school","","","","","","","","","","","","","",""
"2015","1-pers.-HH","(1c) basic vocational qualification","","","","","","","","","","","","","",""
"2015","1-pers.-HH","(2a) intermediate vocational","","","","","","","","","","","","","",""
"2015","1-pers.-HH","(2b) intermediate general qualification","","","","","","","","","","","","","",""
"2015","1-pers.-HH","(2c_gen) general maturity certificate","","","","","","","","","","","","","",""
"2015","1-pers.-HH","(2c_voc) vocational maturity certificate","","","","","","","","","","","","","",""
"2015","1-pers.-HH","(3a) lower tertiary education","","","","","","","","","","","","","",""
"2015","1-pers.-HH","(3b) higher tertiary education","","","","","","","","","","","","","",""
"2015","Couple + C. GT 16 ","(0) in school","","","","","","","","","","","","","",""
"2015","Couple + C. GT 16 ","(1a) inadequately completed","","","","","","","","","","","","","",""
"2015","Couple + C. GT 16 ","(1b) general elementary school","","","","","","","","","","","","","",""
"2015","Couple + C. GT 16 ","(1c) basic vocational qualification","","","","","","","","","","","","","",""
"2015","Couple + C. GT 16 ","(2a) intermediate vocational","","","","","","","","","","","","","",""
"2015","Couple + C. GT 16 ","(2b) intermediate general qualification","","","","","","","","","","","","","",""
"2015","Couple + C. GT 16 ","(2c_gen) general maturity certificate","","","","","","","","","","","","","",""
"2015","Couple + C. GT 16 ","(2c_voc) vocational maturity certificate","","","","","","","","","","","","","",""
"2015","Couple + C. GT 16 ","(3a) lower tertiary education","","","","","","","","","","","","","",""
"2015","Couple + C. GT 16 ","(3b) higher tertiary education","","","","","","","","","","","","","",""
"2015","Couple + C. LE 16","(0) in school","","","","","","","","","","","","","",""
"2015","Couple + C. LE 16","(1a) inadequately completed","","","","","","","","","","","","","",""
"2015","Couple + C. LE 16","(1b) general elementary school","","","","","","","","","","","","","",""
"2015","Couple + C. LE 16","(1c) basic vocational qualification","","","","","","","","","","","","","",""
"2015","Couple + C. LE 16","(2a) intermediate vocational","","","","","","","","","","","","","",""
"2015","Couple + C. LE 16","(2b) intermediate general qualification","","","","","","","","","","","","","",""
"2015","Couple + C. LE 16","(2c_gen) general maturity certificate","","","","","","","","","","","","","",""
"2015","Couple + C. LE 16","(2c_voc) vocational maturity certificate","","","","","","","","","","","","","",""
"2015","Couple + C. LE 16","(3a) lower tertiary education","","","","","","","","","","","","","",""
"2015","Couple + C. LE 16","(3b) higher tertiary education","","","","","","","","","","","","","",""
"2015","Couple + C. LE and GT 16","(0) in school","","","","","","","","","","","","","",""
"2015","Couple + C. LE and GT 16","(1a) inadequately completed","","","","","","","","","","","","","",""
"2015","Couple + C. LE and GT 16","(1b) general elementary school","","","","","","","","","","","","","",""
"2015","Couple + C. LE and GT 16","(1c) basic vocational qualification","","","","","","","","","","","","","",""
"2015","Couple + C. LE and GT 16","(2a) intermediate vocational","","","","","","","","","","","","","",""
"2015","Couple + C. LE and GT 16","(2b) intermediate general qualification","","","","","","","","","","","","","",""
"2015","Couple + C. LE and GT 16","(2c_gen) general maturity certificate","","","","","","","","","","","","","",""
"2015","Couple + C. LE and GT 16","(2c_voc) vocational maturity certificate","","","","","","","","","","","","","",""
"2015","Couple + C. LE and GT 16","(3a) lower tertiary education","","","","","","","","","","","","","",""
"2015","Couple + C. LE and GT 16","(3b) higher tertiary education","","","","","","","","","","","","","",""
"2015","Single parent","(0) in school","","","","","","","","","","","","","",""
"2015","Single parent","(1a) inadequately completed","","","","","","","","","","","","","",""
"2015","Single parent","(1b) general elementary school","","","","","","","","","","","","","",""
"2015","Single parent","(1c) basic vocational qualification","","","","","","","","","","","","","",""
"2015","Single parent","(2a) intermediate vocational","","","","","","","","","","","","","",""
"2015","Single parent","(2b) intermediate general qualification","","","","","","","","","","","","","",""
"2015","Single parent","(2c_gen) general maturity certificate","","","","","","","","","","","","","",""
"2015","Single parent","(2c_voc) vocational maturity certificate","","","","","","","","","","","","","",""
"2015","Single parent","(3a) lower tertiary education","","","","","","","","","","","","","",""
"2015","Single parent","(3b) higher tertiary education","","","","","","","","","","","","","",""
"2016","(Married) couple without C.","(0) in school","","","","","","","","","","","","","",""
"2016","(Married) couple without C.","(1a) inadequately completed","","","","","","","","","","","","","",""
"2016","(Married) couple without C.","(1b) general elementary school","","","","","","","","","","","","","",""
"2016","(Married) couple without C.","(1c) basic vocational qualification","","","","","","","","","","","","","",""
"2016","(Married) couple without C.","(2a) intermediate vocational","","","","","","","","","","","","","",""
"2016","(Married) couple without C.","(2b) intermediate general qualification","","","","","","","","","","","","","",""
"2016","(Married) couple without C.","(2c_gen) general maturity certificate","","","","","","","","","","","","","",""
"2016","(Married) couple without C.","(2c_voc) vocational maturity certificate","","","","","","","","","","","","","",""
"2016","(Married) couple without C.","(3a) lower tertiary education","","","","","","","","","","","","","",""
"2016","(Married) couple without C.","(3b) higher tertiary education","","","","","","","","","","","","","",""
"2016","1-pers.-HH","(0) in school","","","","","","","","","","","","","",""
"2016","1-pers.-HH","(1a) inadequately completed","","","","","","","","","","","","","",""
"2016","1-pers.-HH","(1b) general elementary school","","","","","","","","","","","","","",""
"2016","1-pers.-HH","(1c) basic vocational qualification","","","","","","","","","","","","","",""
"2016","1-pers.-HH","(2a) intermediate vocational","","","","","","","","","","","","","",""
"2016","1-pers.-HH","(2b) intermediate general qualification","","","","","","","","","","","","","",""
"2016","1-pers.-HH","(2c_gen) general maturity certificate","","","","","","","","","","","","","",""
"2016","1-pers.-HH","(2c_voc) vocational maturity certificate","","","","","","","","","","","","","",""
"2016","1-pers.-HH","(3a) lower tertiary education","","","","","","","","","","","","","",""
"2016","1-pers.-HH","(3b) higher tertiary education","","","","","","","","","","","","","",""
"2016","Couple + C. GT 16 ","(0) in school","","","","","","","","","","","","","",""
"2016","Couple + C. GT 16 ","(1a) inadequately completed","","","","","","","","","","","","","",""
"2016","Couple + C. GT 16 ","(1b) general elementary school","","","","","","","","","","","","","",""
"2016","Couple + C. GT 16 ","(1c) basic vocational qualification","","","","","","","","","","","","","",""
"2016","Couple + C. GT 16 ","(2a) intermediate vocational","","","","","","","","","","","","","",""
"2016","Couple + C. GT 16 ","(2b) intermediate general qualification","","","","","","","","","","","","","",""
"2016","Couple + C. GT 16 ","(2c_gen) general maturity certificate","","","","","","","","","","","","","",""
"2016","Couple + C. GT 16 ","(2c_voc) vocational maturity certificate","","","","","","","","","","","","","",""
"2016","Couple + C. GT 16 ","(3a) lower tertiary education","","","","","","","","","","","","","",""
"2016","Couple + C. GT 16 ","(3b) higher tertiary education","","","","","","","","","","","","","",""
"2016","Couple + C. LE 16","(0) in school","","","","","","","","","","","","","",""
"2016","Couple + C. LE 16","(1a) inadequately completed","","","","","","","","","","","","","",""
"2016","Couple + C. LE 16","(1b) general elementary school","","","","","","","","","","","","","",""
"2016","Couple + C. LE 16","(1c) basic vocational qualification","","","","","","","","","","","","","",""
"2016","Couple + C. LE 16","(2a) intermediate vocational","","","","","","","","","","","","","",""
"2016","Couple + C. LE 16","(2b) intermediate general qualification","","","","","","","","","","","","","",""
"2016","Couple + C. LE 16","(2c_gen) general maturity certificate","","","","","","","","","","","","","",""
"2016","Couple + C. LE 16","(2c_voc) vocational maturity certificate","","","","","","","","","","","","","",""
"2016","Couple + C. LE 16","(3a) lower tertiary education","","","","","","","","","","","","","",""
"2016","Couple + C. LE 16","(3b) higher tertiary education","","","","","","","","","","","","","",""
"2016","Couple + C. LE and GT 16","(0) in school","","","","","","","","","","","","","",""
"2016","Couple + C. LE and GT 16","(1a) inadequately completed","","","","","","","","","","","","","",""
"2016","Couple + C. LE and GT 16","(1b) general elementary school","","","","","","","","","","","","","",""
"2016","Couple + C. LE and GT 16","(1c) basic vocational qualification","","","","","","","","","","","","","",""
"2016","Couple + C. LE and GT 16","(2a) intermediate vocational","","","","","","","","","","","","","",""
"2016","Couple + C. LE and GT 16","(2b) intermediate general qualification","","","","","","","","","","","","","",""
"2016","Couple + C. LE and GT 16","(2c_gen) general maturity certificate","","","","","","","","","","","","","",""
"2016","Couple + C. LE and GT 16","(2c_voc) vocational maturity certificate","","","","","","","","","","","","","",""
"2016","Couple + C. LE and GT 16","(3a) lower tertiary education","","","","","","","","","","","","","",""
"2016","Couple + C. LE and GT 16","(3b) higher tertiary education","","","","","","","","","","","","","",""
"2016","Single parent","(0) in school","","","","","","","","","","","","","",""
"2016","Single parent","(1a) inadequately completed","","","","","","","","","","","","","",""
"2016","Single parent","(1b) general elementary school","","","","","","","","","","","","","",""
"2016","Single parent","(1c) basic vocational qualification","","","","","","","","","","","","","",""
"2016","Single parent","(2a) intermediate vocational","","","","","","","","","","","","","",""
"2016","Single parent","(2b) intermediate general qualification","","","","","","","","","","","","","",""
"2016","Single parent","(2c_gen) general maturity certificate","","","","","","","","","","","","","",""
"2016","Single parent","(2c_voc) vocational maturity certificate","","","","","","","","","","","","","",""
"2016","Single parent","(3a) lower tertiary education","","","","","","","","","","","","","",""
"2016","Single parent","(3b) higher tertiary education","","","","","","","","","","","","","",""
"2017","(Married) couple without C.","(0) in school","","","","","","","","","","","","","",""
"2017","(Married) couple without C.","(1a) inadequately completed","4.92","5","76","5","5","5","5","5","4.82","5.02","3","5","5","5"
"2017","(Married) couple without C.","(1b) general elementary school","4.75","5","34","4","5","5","5","5","4.61","4.89","3","5","5","5"
"2017","(Married) couple without C.","(1c) basic vocational qualification","","","","","","","","","","","","","",""
"2017","(Married) couple without C.","(2a) intermediate vocational","","","","","","","","","","","","","",""
"2017","(Married) couple without C.","(2b) intermediate general qualification","","","","","","","","","","","","","",""
"2017","(Married) couple without C.","(2c_gen) general maturity certificate","","","","","","","","","","","","","",""
"2017","(Married) couple without C.","(2c_voc) vocational maturity certificate","","","","","","","","","","","","","",""
"2017","(Married) couple without C.","(3a) lower tertiary education","","","","","","","","","","","","","",""
"2017","(Married) couple without C.","(3b) higher tertiary education","4.77","5","46","4","5","5","5","5","4.62","4.92","3","5","5","5"
"2017","1-pers.-HH","(0) in school","","","","","","","","","","","","","",""
"2017","1-pers.-HH","(1a) inadequately completed","4.29","5","409","2","4","5","5","5","4.19","4.39","1","5","5","5"
"2017","1-pers.-HH","(1b) general elementary school","4.2","5","218","2","4","5","5","5","4.06","4.34","1","5","5","5"
"2017","1-pers.-HH","(1c) basic vocational qualification","","","","","","","","","","","","","",""
"2017","1-pers.-HH","(2a) intermediate vocational","","","","","","","","","","","","","",""
"2017","1-pers.-HH","(2b) intermediate general qualification","","","","","","","","","","","","","",""
"2017","1-pers.-HH","(2c_gen) general maturity certificate","4.36","5","147","2","4","5","5","5","4.18","4.54","1","5","5","5"
"2017","1-pers.-HH","(2c_voc) vocational maturity certificate","4.03","5","30","2","2","5","5","5","3.64","4.42","2","5","4","5"
"2017","1-pers.-HH","(3a) lower tertiary education","","","","","","","","","","","","","",""
"2017","1-pers.-HH","(3b) higher tertiary education","4.24","5","210","3","4","5","5","5","4.11","4.37","1","5","4","5"
"2017","Couple + C. GT 16 ","(0) in school","","","","","","","","","","","","","",""
"2017","Couple + C. GT 16 ","(1a) inadequately completed","4.82","5","42","4","5","5","5","5","4.63","5.01","2","5","5","5"
"2017","Couple + C. GT 16 ","(1b) general elementary school","","","","","","","","","","","","","",""
"2017","Couple + C. GT 16 ","(1c) basic vocational qualification","","","","","","","","","","","","","",""
"2017","Couple + C. GT 16 ","(2a) intermediate vocational","","","","","","","","","","","","","",""
"2017","Couple + C. GT 16 ","(2b) intermediate general qualification","","","","","","","","","","","","","",""
"2017","Couple + C. GT 16 ","(2c_gen) general maturity certificate","","","","","","","","","","","","","",""
"2017","Couple + C. GT 16 ","(2c_voc) vocational maturity certificate","","","","","","","","","","","","","",""
"2017","Couple + C. GT 16 ","(3a) lower tertiary education","","","","","","","","","","","","","",""
"2017","Couple + C. GT 16 ","(3b) higher tertiary education","","","","","","","","","","","","","",""
"2017","Couple + C. LE 16","(0) in school","","","","","","","","","","","","","",""
"2017","Couple + C. LE 16","(1a) inadequately completed","4.74","5","904","4","5","5","5","5","4.69","4.79","1","5","5","5"
"2017","Couple + C. LE 16","(1b) general elementary school","4.54","5","444","3","4","5","5","5","4.46","4.62","1","5","5","5"
"2017","Couple + C. LE 16","(1c) basic vocational qualification","4.16","4","39","3","4","5","5","5","3.86","4.46","2","5","4","5"
"2017","Couple + C. LE 16","(2a) intermediate vocational","","","","","","","","","","","","","",""
"2017","Couple + C. LE 16","(2b) intermediate general qualification","","","","","","","","","","","","","",""
"2017","Couple + C. LE 16","(2c_gen) general maturity certificate","4.55","5","308","3","4","5","5","5","4.45","4.65","1","5","5","5"
"2017","Couple + C. LE 16","(2c_voc) vocational maturity certificate","4.42","5","54","3","4","5","5","5","4.2","4.64","2","5","4","5"
"2017","Couple + C. LE 16","(3a) lower tertiary education","","","","","","","","","","","","","",""
"2017","Couple + C. LE 16","(3b) higher tertiary education","4.56","5","382","3","4","5","5","5","4.46","4.66","1","5","5","5"
"2017","Couple + C. LE and GT 16","(0) in school","","","","","","","","","","","","","",""
"2017","Couple + C. LE and GT 16","(1a) inadequately completed","4.59","5","278","3","5","5","5","5","4.48","4.7","1","5","5","5"
"2017","Couple + C. LE and GT 16","(1b) general elementary school","4.3","5","137","2","4","5","5","5","4.12","4.48","1","5","5","5"
"2017","Couple + C. LE and GT 16","(1c) basic vocational qualification","","","","","","","","","","","","","",""
"2017","Couple + C. LE and GT 16","(2a) intermediate vocational","","","","","","","","","","","","","",""
"2017","Couple + C. LE and GT 16","(2b) intermediate general qualification","","","","","","","","","","","","","",""
"2017","Couple + C. LE and GT 16","(2c_gen) general maturity certificate","4.27","5","82","2","4","5","5","5","4.02","4.52","1","5","5","5"
"2017","Couple + C. LE and GT 16","(2c_voc) vocational maturity certificate","","","","","","","","","","","","","",""
"2017","Couple + C. LE and GT 16","(3a) lower tertiary education","","","","","","","","","","","","","",""
"2017","Couple + C. LE and GT 16","(3b) higher tertiary education","4.57","5","79","4","4","5","5","5","4.35","4.79","1","5","5","5"
"2017","Single parent","(0) in school","","","","","","","","","","","","","",""
"2017","Single parent","(1a) inadequately completed","4.85","5","170","5","5","5","5","5","4.74","4.96","2","5","5","5"
"2017","Single parent","(1b) general elementary school","4.43","5","59","3","4","5","5","5","4.14","4.72","1","5","5","5"
"2017","Single parent","(1c) basic vocational qualification","","","","","","","","","","","","","",""
"2017","Single parent","(2a) intermediate vocational","","","","","","","","","","","","","",""
"2017","Single parent","(2b) intermediate general qualification","","","","","","","","","","","","","",""
"2017","Single parent","(2c_gen) general maturity certificate","4.72","5","56","4","5","5","5","5","4.52","4.92","2","5","5","5"
"2017","Single parent","(2c_voc) vocational maturity certificate","","","","","","","","","","","","","",""
"2017","Single parent","(3a) lower tertiary education","","","","","","","","","","","","","",""
"2017","Single parent","(3b) higher tertiary education","4.83","5","60","4","5","5","5","5","4.71","4.95","3","5","5","5"
"2018","(Married) couple without C.","(0) in school","","","","","","","","","","","","","",""
"2018","(Married) couple without C.","(1a) inadequately completed","4.35","5","45","3","4","5","5","5","4.04","4.66","2","5","4","5"
"2018","(Married) couple without C.","(1b) general elementary school","","","","","","","","","","","","","",""
"2018","(Married) couple without C.","(1c) basic vocational qualification","","","","","","","","","","","","","",""
"2018","(Married) couple without C.","(2a) intermediate vocational","","","","","","","","","","","","","",""
"2018","(Married) couple without C.","(2b) intermediate general qualification","","","","","","","","","","","","","",""
"2018","(Married) couple without C.","(2c_gen) general maturity certificate","","","","","","","","","","","","","",""
"2018","(Married) couple without C.","(2c_voc) vocational maturity certificate","","","","","","","","","","","","","",""
"2018","(Married) couple without C.","(3a) lower tertiary education","","","","","","","","","","","","","",""
"2018","(Married) couple without C.","(3b) higher tertiary education","4.41","5","34","4","4","5","5","5","4.11","4.71","2","5","4","5"
"2018","1-pers.-HH","(0) in school","","","","","","","","","","","","","",""
"2018","1-pers.-HH","(1a) inadequately completed","4.1","5","282","2","3","5","5","5","3.97","4.23","1","5","5","5"
"2018","1-pers.-HH","(1b) general elementary school","4.03","4","139","2","3","5","5","5","3.84","4.22","1","5","4","5"
"2018","1-pers.-HH","(1c) basic vocational qualification","","","","","","","","","","","","","",""
"2018","1-pers.-HH","(2a) intermediate vocational","","","","","","","","","","","","","",""
"2018","1-pers.-HH","(2b) intermediate general qualification","","","","","","","","","","","","","",""
"2018","1-pers.-HH","(2c_gen) general maturity certificate","4.21","5","119","2","4","5","5","5","4.04","4.38","2","5","4","5"
"2018","1-pers.-HH","(2c_voc) vocational maturity certificate","","","","","","","","","","","","","",""
"2018","1-pers.-HH","(3a) lower tertiary education","","","","","","","","","","","","","",""
"2018","1-pers.-HH","(3b) higher tertiary education","3.99","4","153","2","3","5","5","5","3.82","4.16","1","5","4","5"
"2018","Couple + C. GT 16 ","(0) in school","","","","","","","","","","","","","",""
"2018","Couple + C. GT 16 ","(1a) inadequately completed","4.37","5","38","3","4","5","5","5","4.08","4.66","2","5","5","5"
"2018","Couple + C. GT 16 ","(1b) general elementary school","","","","","","","","","","","","","",""
"2018","Couple + C. GT 16 ","(1c) basic vocational qualification","","","","","","","","","","","","","",""
"2018","Couple + C. GT 16 ","(2a) intermediate vocational","","","","","","","","","","","","","",""
"2018","Couple + C. GT 16 ","(2b) intermediate general qualification","","","","","","","","","","","","","",""
"2018","Couple + C. GT 16 ","(2c_gen) general maturity certificate","","","","","","","","","","","","","",""
"2018","Couple + C. GT 16 ","(2c_voc) vocational maturity certificate","","","","","","","","","","","","","",""
"2018","Couple + C. GT 16 ","(3a) lower tertiary education","","","","","","","","","","","","","",""
"2018","Couple + C. GT 16 ","(3b) higher tertiary education","","","","","","","","","","","","","",""
"2018","Couple + C. LE 16","(0) in school","","","","","","","","","","","","","",""
"2018","Couple + C. LE 16","(1a) inadequately completed","4.49","5","613","3","4","5","5","5","4.41","4.57","1","5","5","5"
"2018","Couple + C. LE 16","(1b) general elementary school","4.5","5","321","3","4","5","5","5","4.39","4.61","1","5","5","5"
"2018","Couple + C. LE 16","(1c) basic vocational qualification","4.13","4","31","2","4","5","5","5","3.73","4.53","2","5","4","5"
"2018","Couple + C. LE 16","(2a) intermediate vocational","","","","","","","","","","","","","",""
"2018","Couple + C. LE 16","(2b) intermediate general qualification","","","","","","","","","","","","","",""
"2018","Couple + C. LE 16","(2c_gen) general maturity certificate","4.57","5","232","3","4","5","5","5","4.45","4.69","1","5","5","5"
"2018","Couple + C. LE 16","(2c_voc) vocational maturity certificate","4.32","5","38","2","4","5","5","5","3.96","4.68","1","5","4","5"
"2018","Couple + C. LE 16","(3a) lower tertiary education","","","","","","","","","","","","","",""
"2018","Couple + C. LE 16","(3b) higher tertiary education","4.48","5","299","3","4","5","5","5","4.37","4.59","1","5","5","5"
"2018","Couple + C. LE and GT 16","(0) in school","","","","","","","","","","","","","",""
"2018","Couple + C. LE and GT 16","(1a) inadequately completed","4.43","5","218","3","4","5","5","5","4.3","4.56","1","5","5","5"
"2018","Couple + C. LE and GT 16","(1b) general elementary school","4.26","5","110","3","4","5","5","5","4.05","4.47","1","5","5","5"
"2018","Couple + C. LE and GT 16","(1c) basic vocational qualification","","","","","","","","","","","","","",""
"2018","Couple + C. LE and GT 16","(2a) intermediate vocational","","","","","","","","","","","","","",""
"2018","Couple + C. LE and GT 16","(2b) intermediate general qualification","","","","","","","","","","","","","",""
"2018","Couple + C. LE and GT 16","(2c_gen) general maturity certificate","4.35","5","75","2","4","5","5","5","4.12","4.58","1","5","5","5"
"2018","Couple + C. LE and GT 16","(2c_voc) vocational maturity certificate","","","","","","","","","","","","","",""
"2018","Couple + C. LE and GT 16","(3a) lower tertiary education","","","","","","","","","","","","","",""
"2018","Couple + C. LE and GT 16","(3b) higher tertiary education","4.5","5","55","3","4","5","5","5","4.25","4.75","2","5","4","5"
"2018","Single parent","(0) in school","","","","","","","","","","","","","",""
"2018","Single parent","(1a) inadequately completed","4.71","5","147","4","5","5","5","5","4.59","4.83","1","5","5","5"
"2018","Single parent","(1b) general elementary school","4.52","5","48","3","4","5","5","5","4.27","4.77","2","5","5","5"
"2018","Single parent","(1c) basic vocational qualification","","","","","","","","","","","","","",""
"2018","Single parent","(2a) intermediate vocational","","","","","","","","","","","","","",""
"2018","Single parent","(2b) intermediate general qualification","","","","","","","","","","","","","",""
"2018","Single parent","(2c_gen) general maturity certificate","4.76","5","45","4","5","5","5","5","4.52","5","2","5","5","5"
"2018","Single parent","(2c_voc) vocational maturity certificate","","","","","","","","","","","","","",""
"2018","Single parent","(3a) lower tertiary education","","","","","","","","","","","","","",""
"2018","Single parent","(3b) higher tertiary education","4.69","5","46","4","5","5","5","5","4.42","4.96","2","5","5","5"
"2019","(Married) couple without C.","(0) in school","","","","","","","","","","","","","",""
"2019","(Married) couple without C.","(1a) inadequately completed","4.58","5","124","4","4","5","5","5","4.43","4.73","2","5","5","5"
"2019","(Married) couple without C.","(1b) general elementary school","4.69","5","471","4","5","5","5","5","4.62","4.76","1","5","5","5"
"2019","(Married) couple without C.","(1c) basic vocational qualification","4.48","5","1933","3","4","5","5","5","4.44","4.52","1","5","5","5"
"2019","(Married) couple without C.","(2a) intermediate vocational","4.35","5","2126","3","4","5","5","5","4.31","4.39","1","5","5","5"
"2019","(Married) couple without C.","(2b) intermediate general qualification","4.47","5","176","3","4","5","5","5","4.34","4.6","1","5","4","5"
"2019","(Married) couple without C.","(2c_gen) general maturity certificate","4.4","5","241","3","4","5","5","5","4.29","4.51","1","5","5","5"
"2019","(Married) couple without C.","(2c_voc) vocational maturity certificate","4.24","5","731","3","4","5","5","5","4.18","4.3","1","5","4","5"
"2019","(Married) couple without C.","(3a) lower tertiary education","4.3","4","863","3","4","5","5","5","4.25","4.35","1","5","4","5"
"2019","(Married) couple without C.","(3b) higher tertiary education","4.41","5","1737","3","4","5","5","5","4.37","4.45","1","5","4","5"
"2019","1-pers.-HH","(0) in school","","","","","","","","","","","","","",""
"2019","1-pers.-HH","(1a) inadequately completed","4.5","5","306","3","4","5","5","5","4.38","4.62","1","5","5","5"
"2019","1-pers.-HH","(1b) general elementary school","4.69","5","436","4","5","5","5","5","4.62","4.76","1","5","5","5"
"2019","1-pers.-HH","(1c) basic vocational qualification","4.54","5","903","3","4","5","5","5","4.48","4.6","1","5","5","5"
"2019","1-pers.-HH","(2a) intermediate vocational","4.36","5","945","3","4","5","5","5","4.31","4.41","1","5","5","5"
"2019","1-pers.-HH","(2b) intermediate general qualification","4.55","5","100","3","4","5","5","5","4.37","4.73","2","5","5","5"
"2019","1-pers.-HH","(2c_gen) general maturity certificate","4.31","5","336","3","4","5","5","5","4.21","4.41","2","5","4","5"
"2019","1-pers.-HH","(2c_voc) vocational maturity certificate","4.34","4.16","437","3","4","5","5","5","4.26","4.42","1","5","4","5"
"2019","1-pers.-HH","(3a) lower tertiary education","4.45","5","370","3","4","5","5","5","4.37","4.53","1","5","5","5"
"2019","1-pers.-HH","(3b) higher tertiary education","4.35","5","925","3","4","5","5","5","4.29","4.41","1","5","4","5"
"2019","Couple + C. GT 16 ","(0) in school","3.79","4","102","2","3","5","5","5","3.59","3.99","1","5","4","4"
"2019","Couple + C. GT 16 ","(1a) inadequately completed","4.97","5","82","5","5","5","5","5","4.84","5.1","1","5","5","5"
"2019","Couple + C. GT 16 ","(1b) general elementary school","4.42","5","213","3","4","5","5","5","4.3","4.54","1","5","5","5"
"2019","Couple + C. GT 16 ","(1c) basic vocational qualification","4.34","5","477","3","4","5","5","5","4.26","4.42","1","5","5","5"
"2019","Couple + C. GT 16 ","(2a) intermediate vocational","4.06","4","646","3","4","5","5","5","3.99","4.13","2","5","4","4"
"2019","Couple + C. GT 16 ","(2b) intermediate general qualification","3.89","4","126","2","3","5","5","5","3.71","4.07","2","5","4","5"
"2019","Couple + C. GT 16 ","(2c_gen) general maturity certificate","3.93","4","328","2","3","5","5","5","3.82","4.04","1","5","4","4"
"2019","Couple + C. GT 16 ","(2c_voc) vocational maturity certificate","4.19","4","316","3","4","5","5","5","4.08","4.3","1","5","4","4"
"2019","Couple + C. GT 16 ","(3a) lower tertiary education","4.09","4","216","2","4","5","5","5","3.96","4.22","1","5","4","4"
"2019","Couple + C. GT 16 ","(3b) higher tertiary education","4.2","4","377","3","4","5","5","5","4.11","4.29","2","5","4","4"
"2019","Couple + C. LE 16","(0) in school","","","","","","","","","","","","","",""
"2019","Couple + C. LE 16","(1a) inadequately completed","4.43","5","710","3","4","5","5","5","4.36","4.5","1","5","5","5"
"2019","Couple + C. LE 16","(1b) general elementary school","4.3","5","580","3","4","5","5","5","4.22","4.38","1","5","5","5"
"2019","Couple + C. LE 16","(1c) basic vocational qualification","4.28","5","620","3","4","5","5","5","4.2","4.36","1","5","4","5"
"2019","Couple + C. LE 16","(2a) intermediate vocational","4.12","4","1186","3","4","5","5","5","4.06","4.18","1","5","4","4"
"2019","Couple + C. LE 16","(2b) intermediate general qualification","4.31","5","107","3","4","5","5","5","4.11","4.51","2","5","4","5"
"2019","Couple + C. LE 16","(2c_gen) general maturity certificate","4.22","4","389","3","4","5","5","5","4.12","4.32","1","5","4","5"
"2019","Couple + C. LE 16","(2c_voc) vocational maturity certificate","4.17","4","772","3","4","5","5","5","4.1","4.24","2","5","4","4"
"2019","Couple + C. LE 16","(3a) lower tertiary education","4.22","4","508","3","4","5","5","5","4.15","4.29","2","5","4","4"
"2019","Couple + C. LE 16","(3b) higher tertiary education","4.21","4","1598","3","4","5","5","5","4.16","4.26","1","5","4","4"
"2019","Couple + C. LE and GT 16","(0) in school","3.97","4","145","2","3","5","5","5","3.8","4.14","1","5","4","4"
"2019","Couple + C. LE and GT 16","(1a) inadequately completed","4.49","5","300","3","4","5","5","5","4.37","4.61","1","5","5","5"
"2019","Couple + C. LE and GT 16","(1b) general elementary school","4.31","5","285","3","4","5","5","5","4.2","4.42","1","5","5","5"
"2019","Couple + C. LE and GT 16","(1c) basic vocational qualification","4.06","4","242","2","3","5","5","5","3.93","4.19","2","5","4","5"
"2019","Couple + C. LE and GT 16","(2a) intermediate vocational","4","4","438","2","3","5","5","5","3.91","4.09","1","5","4","4"
"2019","Couple + C. LE and GT 16","(2b) intermediate general qualification","4.07","4","145","2","4","5","5","5","3.89","4.25","1","5","4","5"
"2019","Couple + C. LE and GT 16","(2c_gen) general maturity certificate","3.98","4","311","3","3","5","5","5","3.87","4.09","1","5","4","4"
"2019","Couple + C. LE and GT 16","(2c_voc) vocational maturity certificate","4.05","4","218","2","3","5","5","5","3.92","4.18","2","5","4","4"
"2019","Couple + C. LE and GT 16","(3a) lower tertiary education","3.86","4","121","3","3","4","5","5","3.69","4.03","2","5","4","4"
"2019","Couple + C. LE and GT 16","(3b) higher tertiary education","3.97","4","360","2","3","5","5","5","3.87","4.07","1","5","4","4"
"2019","Single parent","(0) in school","4.37","5","70","3","4","5","5","5","4.18","4.56","2","5","4","5"
"2019","Single parent","(1a) inadequately completed","4.78","5","171","4","5","5","5","5","4.69","4.87","1","5","5","5"
"2019","Single parent","(1b) general elementary school","4.44","5","222","2","4","5","5","5","4.32","4.56","1","5","5","5"
"2019","Single parent","(1c) basic vocational qualification","4.46","5","271","3","4","5","5","5","4.36","4.56","1","5","5","5"
"2019","Single parent","(2a) intermediate vocational","4.33","5","455","3","4","5","5","5","4.25","4.41","2","5","4","5"
"2019","Single parent","(2b) intermediate general qualification","4.22","5","140","2","4","5","5","5","4.07","4.37","2","5","5","5"
"2019","Single parent","(2c_gen) general maturity certificate","4.1","4","235","2","4","5","5","5","3.97","4.23","2","5","4","5"
"2019","Single parent","(2c_voc) vocational maturity certificate","4.18","4","210","3","4","5","5","5","4.06","4.3","2","5","4","5"
"2019","Single parent","(3a) lower tertiary education","4.38","5","102","3","4","5","5","5","4.23","4.53","2","5","4","5"
"2019","Single parent","(3b) higher tertiary education","4.28","4","280","3","4","5","5","5","4.18","4.38","1","5","4","5"
