"plh0172","year","bula_h","migback","n","percent","lower_confidence","upper_confidence","value"
"0 Completely dissatisfied","2008","Schleswig-Holstein","no migration background","3","","","","0"
"0 Completely dissatisfied","2008","Schleswig-Holstein","direct migration background","","","","","0"
"0 Completely dissatisfied","2008","Schleswig-Holstein","indirect migration background","","","","","0"
"0 Completely dissatisfied","2008","Hamburg","no migration background","1","","","","0"
"0 Completely dissatisfied","2008","Hamburg","direct migration background","","","","","0"
"0 Completely dissatisfied","2008","Hamburg","indirect migration background","","","","","0"
"0 Completely dissatisfied","2008","Lower Saxony","no migration background","12","","","","0"
"0 Completely dissatisfied","2008","Lower Saxony","direct migration background","","","","","0"
"0 Completely dissatisfied","2008","Lower Saxony","indirect migration background","","","","","0"
"0 Completely dissatisfied","2008","Bremen","no migration background","2","","","","0"
"0 Completely dissatisfied","2008","Bremen","direct migration background","","","","","0"
"0 Completely dissatisfied","2008","Bremen","indirect migration background","","","","","0"
"0 Completely dissatisfied","2008","North Rhine-Westphalia","no migration background","23","","","","0"
"0 Completely dissatisfied","2008","North Rhine-Westphalia","direct migration background","2","","","","0"
"0 Completely dissatisfied","2008","North Rhine-Westphalia","indirect migration background","1","","","","0"
"0 Completely dissatisfied","2008","Hesse","no migration background","7","","","","0"
"0 Completely dissatisfied","2008","Hesse","direct migration background","2","","","","0"
"0 Completely dissatisfied","2008","Hesse","indirect migration background","","","","","0"
"0 Completely dissatisfied","2008","Rhineland-Palatinate,Saarland","no migration background","3","","","","0"
"0 Completely dissatisfied","2008","Rhineland-Palatinate,Saarland","direct migration background","","","","","0"
"0 Completely dissatisfied","2008","Rhineland-Palatinate,Saarland","indirect migration background","","","","","0"
"0 Completely dissatisfied","2008","Baden-Württemberg","no migration background","5","","","","0"
"0 Completely dissatisfied","2008","Baden-Württemberg","direct migration background","2","","","","0"
"0 Completely dissatisfied","2008","Baden-Württemberg","indirect migration background","1","","","","0"
"0 Completely dissatisfied","2008","Bavaria","no migration background","17","","","","0"
"0 Completely dissatisfied","2008","Bavaria","direct migration background","8","","","","0"
"0 Completely dissatisfied","2008","Bavaria","indirect migration background","3","","","","0"
"0 Completely dissatisfied","2008","Berlin","no migration background","5","","","","0"
"0 Completely dissatisfied","2008","Berlin","direct migration background","","","","","0"
"0 Completely dissatisfied","2008","Berlin","indirect migration background","","","","","0"
"0 Completely dissatisfied","2008","Brandenburg","no migration background","2","","","","0"
"0 Completely dissatisfied","2008","Brandenburg","direct migration background","","","","","0"
"0 Completely dissatisfied","2008","Brandenburg","indirect migration background","","","","","0"
"0 Completely dissatisfied","2008","Mecklenburg-Western Pomerania","no migration background","3","","","","0"
"0 Completely dissatisfied","2008","Mecklenburg-Western Pomerania","direct migration background","","","","","0"
"0 Completely dissatisfied","2008","Mecklenburg-Western Pomerania","indirect migration background","","","","","0"
"0 Completely dissatisfied","2008","Saxony","no migration background","6","","","","0"
"0 Completely dissatisfied","2008","Saxony","direct migration background","1","","","","0"
"0 Completely dissatisfied","2008","Saxony","indirect migration background","","","","","0"
"0 Completely dissatisfied","2008","Saxony-Anhalt","no migration background","10","","","","0"
"0 Completely dissatisfied","2008","Saxony-Anhalt","direct migration background","","","","","0"
"0 Completely dissatisfied","2008","Saxony-Anhalt","indirect migration background","","","","","0"
"0 Completely dissatisfied","2008","Thuringia","no migration background","5","","","","0"
"0 Completely dissatisfied","2008","Thuringia","direct migration background","","","","","0"
"0 Completely dissatisfied","2008","Thuringia","indirect migration background","","","","","0"
"1 on Scale 1 to 10","2008","Berlin","direct migration background","2","","","","1"
"1 on Scale 1 to 10","2008","Berlin","indirect migration background","","","","","1"
"1 on Scale 1 to 10","2008","Schleswig-Holstein","no migration background","3","","","","1"
"1 on Scale 1 to 10","2008","Schleswig-Holstein","direct migration background","","","","","1"
"1 on Scale 1 to 10","2008","Bremen","direct migration background","","","","","1"
"1 on Scale 1 to 10","2008","Schleswig-Holstein","indirect migration background","1","","","","1"
"1 on Scale 1 to 10","2008","Hamburg","no migration background","","","","","1"
"1 on Scale 1 to 10","2008","Hamburg","direct migration background","1","","","","1"
"1 on Scale 1 to 10","2008","Hamburg","indirect migration background","","","","","1"
"1 on Scale 1 to 10","2008","Lower Saxony","no migration background","19","","","","1"
"1 on Scale 1 to 10","2008","Lower Saxony","direct migration background","2","","","","1"
"1 on Scale 1 to 10","2008","Lower Saxony","indirect migration background","","","","","1"
"1 on Scale 1 to 10","2008","Bremen","no migration background","","","","","1"
"1 on Scale 1 to 10","2008","Brandenburg","no migration background","11","","","","1"
"1 on Scale 1 to 10","2008","Brandenburg","direct migration background","","","","","1"
"1 on Scale 1 to 10","2008","Brandenburg","indirect migration background","","","","","1"
"1 on Scale 1 to 10","2008","Mecklenburg-Western Pomerania","no migration background","3","","","","1"
"1 on Scale 1 to 10","2008","Mecklenburg-Western Pomerania","direct migration background","","","","","1"
"1 on Scale 1 to 10","2008","Mecklenburg-Western Pomerania","indirect migration background","","","","","1"
"1 on Scale 1 to 10","2008","Saxony","no migration background","9","","","","1"
"1 on Scale 1 to 10","2008","Saxony","direct migration background","","","","","1"
"1 on Scale 1 to 10","2008","Bremen","indirect migration background","","","","","1"
"1 on Scale 1 to 10","2008","North Rhine-Westphalia","no migration background","29","","","","1"
"1 on Scale 1 to 10","2008","North Rhine-Westphalia","direct migration background","3","","","","1"
"1 on Scale 1 to 10","2008","North Rhine-Westphalia","indirect migration background","","","","","1"
"1 on Scale 1 to 10","2008","Hesse","no migration background","11","","","","1"
"1 on Scale 1 to 10","2008","Hesse","direct migration background","5","","","","1"
"1 on Scale 1 to 10","2008","Hesse","indirect migration background","","","","","1"
"1 on Scale 1 to 10","2008","Rhineland-Palatinate,Saarland","no migration background","13","","","","1"
"1 on Scale 1 to 10","2008","Rhineland-Palatinate,Saarland","direct migration background","1","","","","1"
"1 on Scale 1 to 10","2008","Rhineland-Palatinate,Saarland","indirect migration background","1","","","","1"
"1 on Scale 1 to 10","2008","Baden-Württemberg","no migration background","9","","","","1"
"1 on Scale 1 to 10","2008","Baden-Württemberg","direct migration background","3","","","","1"
"1 on Scale 1 to 10","2008","Baden-Württemberg","indirect migration background","","","","","1"
"1 on Scale 1 to 10","2008","Bavaria","no migration background","20","","","","1"
"1 on Scale 1 to 10","2008","Bavaria","direct migration background","3","","","","1"
"1 on Scale 1 to 10","2008","Bavaria","indirect migration background","1","","","","1"
"1 on Scale 1 to 10","2008","Berlin","no migration background","10","","","","1"
"1 on Scale 1 to 10","2008","Saxony-Anhalt","no migration background","15","","","","1"
"1 on Scale 1 to 10","2008","Saxony","indirect migration background","","","","","1"
"1 on Scale 1 to 10","2008","Saxony-Anhalt","direct migration background","1","","","","1"
"1 on Scale 1 to 10","2008","Saxony-Anhalt","indirect migration background","","","","","1"
"1 on Scale 1 to 10","2008","Thuringia","indirect migration background","1","","","","1"
"1 on Scale 1 to 10","2008","Thuringia","no migration background","4","","","","1"
"1 on Scale 1 to 10","2008","Thuringia","direct migration background","","","","","1"
"10 Completely satisfied","2008","Thuringia","direct migration background","1","","","","10"
"10 Completely satisfied","2008","Thuringia","indirect migration background","1","","","","10"
"10 Completely satisfied","2008","Saxony","indirect migration background","3","","","","10"
"10 Completely satisfied","2008","Saxony-Anhalt","no migration background","79","0.0766780065385552","0.0582399520271266","0.0951160610499838","10"
"10 Completely satisfied","2008","Saxony-Anhalt","direct migration background","2","","","","10"
"10 Completely satisfied","2008","Saxony-Anhalt","indirect migration background","","","","","10"
"10 Completely satisfied","2008","Thuringia","no migration background","57","0.0669531976948694","0.0502096075368471","0.0836967878528917","10"
"10 Completely satisfied","2008","Berlin","direct migration background","1","","","","10"
"10 Completely satisfied","2008","Berlin","indirect migration background","2","","","","10"
"10 Completely satisfied","2008","Brandenburg","no migration background","66","0.0726571356577912","0.0546699838019564","0.090644287513626","10"
"10 Completely satisfied","2008","Brandenburg","direct migration background","1","","","","10"
"10 Completely satisfied","2008","Brandenburg","indirect migration background","2","","","","10"
"10 Completely satisfied","2008","Mecklenburg-Western Pomerania","no migration background","35","0.0856036081246326","0.0607552957881498","0.110451920461115","10"
"10 Completely satisfied","2008","Mecklenburg-Western Pomerania","direct migration background","","","","","10"
"10 Completely satisfied","2008","Mecklenburg-Western Pomerania","indirect migration background","","","","","10"
"10 Completely satisfied","2008","Saxony","no migration background","120","0.0894530240818276","0.0745033141936909","0.104402733969964","10"
"10 Completely satisfied","2008","Saxony","direct migration background","2","","","","10"
"10 Completely satisfied","2008","Schleswig-Holstein","no migration background","61","0.107277906549906","0.0801524925470035","0.134403320552809","10"
"10 Completely satisfied","2008","Schleswig-Holstein","direct migration background","3","","","","10"
"10 Completely satisfied","2008","Schleswig-Holstein","indirect migration background","2","","","","10"
"10 Completely satisfied","2008","Hamburg","no migration background","25","","","","10"
"10 Completely satisfied","2008","Hamburg","direct migration background","3","","","","10"
"10 Completely satisfied","2008","Hamburg","indirect migration background","","","","","10"
"10 Completely satisfied","2008","Lower Saxony","no migration background","164","0.0945078173354957","0.0799726674698668","0.109042967201125","10"
"10 Completely satisfied","2008","Bremen","direct migration background","","","","","10"
"10 Completely satisfied","2008","Bremen","indirect migration background","2","","","","10"
"10 Completely satisfied","2008","North Rhine-Westphalia","no migration background","357","0.109117506234309","0.0983333699714822","0.119901642497135","10"
"10 Completely satisfied","2008","North Rhine-Westphalia","direct migration background","60","0.116807628147784","0.0890405751677077","0.144574681127859","10"
"10 Completely satisfied","2008","North Rhine-Westphalia","indirect migration background","33","0.111746930574829","0.06963404299504","0.153859818154618","10"
"10 Completely satisfied","2008","Hesse","no migration background","122","0.111016404697746","0.0921754494790429","0.12985735991645","10"
"10 Completely satisfied","2008","Hesse","direct migration background","22","","","","10"
"10 Completely satisfied","2008","Rhineland-Palatinate,Saarland","indirect migration background","11","","","","10"
"10 Completely satisfied","2008","Baden-Württemberg","no migration background","161","0.0983768332672381","0.0844430682889569","0.112310598245519","10"
"10 Completely satisfied","2008","Baden-Württemberg","direct migration background","39","0.112440677429465","0.0828894004403499","0.141991954418579","10"
"10 Completely satisfied","2008","Baden-Württemberg","indirect migration background","23","","","","10"
"10 Completely satisfied","2008","Bavaria","no migration background","286","0.121202172044817","0.107995792456263","0.134408551633371","10"
"10 Completely satisfied","2008","Bavaria","direct migration background","27","","","","10"
"10 Completely satisfied","2008","Bavaria","indirect migration background","17","","","","10"
"10 Completely satisfied","2008","Berlin","no migration background","54","0.0801517504676277","0.0592293962936251","0.10107410464163","10"
"10 Completely satisfied","2008","Lower Saxony","direct migration background","23","","","","10"
"10 Completely satisfied","2008","Lower Saxony","indirect migration background","6","","","","10"
"10 Completely satisfied","2008","Bremen","no migration background","22","","","","10"
"10 Completely satisfied","2008","Hesse","indirect migration background","13","","","","10"
"10 Completely satisfied","2008","Rhineland-Palatinate,Saarland","no migration background","114","0.12863260604836","0.106856443313974","0.150408768782745","10"
"10 Completely satisfied","2008","Rhineland-Palatinate,Saarland","direct migration background","19","","","","10"
"2 on Scale 1 to 10","2008","Schleswig-Holstein","no migration background","15","","","","2"
"2 on Scale 1 to 10","2008","Schleswig-Holstein","direct migration background","2","","","","2"
"2 on Scale 1 to 10","2008","Schleswig-Holstein","indirect migration background","","","","","2"
"2 on Scale 1 to 10","2008","Bremen","direct migration background","","","","","2"
"2 on Scale 1 to 10","2008","Bremen","indirect migration background","","","","","2"
"2 on Scale 1 to 10","2008","North Rhine-Westphalia","no migration background","83","0.0261498323929383","0.0206302214789564","0.0316694433069201","2"
"2 on Scale 1 to 10","2008","Rhineland-Palatinate,Saarland","indirect migration background","3","","","","2"
"2 on Scale 1 to 10","2008","Baden-Württemberg","no migration background","41","0.0250391548402816","0.0177292293400857","0.0323490803404775","2"
"2 on Scale 1 to 10","2008","Baden-Württemberg","direct migration background","16","","","","2"
"2 on Scale 1 to 10","2008","Baden-Württemberg","indirect migration background","3","","","","2"
"2 on Scale 1 to 10","2008","Bavaria","no migration background","83","0.037654392643776","0.0299514361540399","0.0453573491335121","2"
"2 on Scale 1 to 10","2008","Bavaria","direct migration background","12","","","","2"
"2 on Scale 1 to 10","2008","Bavaria","indirect migration background","1","","","","2"
"2 on Scale 1 to 10","2008","Berlin","no migration background","36","0.0712933778190228","0.051466249482341","0.0911205061557046","2"
"2 on Scale 1 to 10","2008","Berlin","direct migration background","2","","","","2"
"2 on Scale 1 to 10","2008","Berlin","indirect migration background","1","","","","2"
"2 on Scale 1 to 10","2008","Brandenburg","no migration background","26","","","","2"
"2 on Scale 1 to 10","2008","Brandenburg","direct migration background","","","","","2"
"2 on Scale 1 to 10","2008","Brandenburg","indirect migration background","1","","","","2"
"2 on Scale 1 to 10","2008","Mecklenburg-Western Pomerania","no migration background","17","","","","2"
"2 on Scale 1 to 10","2008","Mecklenburg-Western Pomerania","direct migration background","2","","","","2"
"2 on Scale 1 to 10","2008","Mecklenburg-Western Pomerania","indirect migration background","","","","","2"
"2 on Scale 1 to 10","2008","Saxony","no migration background","36","0.0291270343264411","0.0203183020421185","0.0379357666107637","2"
"2 on Scale 1 to 10","2008","Saxony","direct migration background","1","","","","2"
"2 on Scale 1 to 10","2008","Saxony","indirect migration background","","","","","2"
"2 on Scale 1 to 10","2008","Saxony-Anhalt","no migration background","26","","","","2"
"2 on Scale 1 to 10","2008","Saxony-Anhalt","direct migration background","2","","","","2"
"2 on Scale 1 to 10","2008","Saxony-Anhalt","indirect migration background","","","","","2"
"2 on Scale 1 to 10","2008","Thuringia","no migration background","32","0.0497296183240369","0.0351669027172882","0.0642923339307856","2"
"2 on Scale 1 to 10","2008","Thuringia","direct migration background","","","","","2"
"2 on Scale 1 to 10","2008","Thuringia","indirect migration background","1","","","","2"
"2 on Scale 1 to 10","2008","Hamburg","no migration background","7","","","","2"
"2 on Scale 1 to 10","2008","Hamburg","direct migration background","1","","","","2"
"2 on Scale 1 to 10","2008","Hamburg","indirect migration background","","","","","2"
"2 on Scale 1 to 10","2008","Lower Saxony","no migration background","41","0.0316377754989417","0.0229408613218576","0.0403346896760257","2"
"2 on Scale 1 to 10","2008","Lower Saxony","direct migration background","2","","","","2"
"2 on Scale 1 to 10","2008","Lower Saxony","indirect migration background","3","","","","2"
"2 on Scale 1 to 10","2008","Bremen","no migration background","3","","","","2"
"2 on Scale 1 to 10","2008","North Rhine-Westphalia","direct migration background","20","","","","2"
"2 on Scale 1 to 10","2008","North Rhine-Westphalia","indirect migration background","6","","","","2"
"2 on Scale 1 to 10","2008","Hesse","no migration background","33","0.0303443933187955","0.020056879048762","0.040631907588829","2"
"2 on Scale 1 to 10","2008","Hesse","direct migration background","9","","","","2"
"2 on Scale 1 to 10","2008","Hesse","indirect migration background","2","","","","2"
"2 on Scale 1 to 10","2008","Rhineland-Palatinate,Saarland","no migration background","30","0.0425993491385886","0.0294636404710952","0.055735057806082","2"
"2 on Scale 1 to 10","2008","Rhineland-Palatinate,Saarland","direct migration background","2","","","","2"
"3 on Scale 1 to 10","2008","Brandenburg","no migration background","49","0.0646235382624244","0.0475865947926224","0.0816604817322265","3"
"3 on Scale 1 to 10","2008","Berlin","direct migration background","5","","","","3"
"3 on Scale 1 to 10","2008","Schleswig-Holstein","no migration background","26","","","","3"
"3 on Scale 1 to 10","2008","Schleswig-Holstein","direct migration background","2","","","","3"
"3 on Scale 1 to 10","2008","Berlin","indirect migration background","","","","","3"
"3 on Scale 1 to 10","2008","Hamburg","no migration background","8","","","","3"
"3 on Scale 1 to 10","2008","Hamburg","direct migration background","1","","","","3"
"3 on Scale 1 to 10","2008","Hamburg","indirect migration background","1","","","","3"
"3 on Scale 1 to 10","2008","Rhineland-Palatinate,Saarland","indirect migration background","2","","","","3"
"3 on Scale 1 to 10","2008","Bremen","direct migration background","1","","","","3"
"3 on Scale 1 to 10","2008","Saxony","indirect migration background","1","","","","3"
"3 on Scale 1 to 10","2008","North Rhine-Westphalia","direct migration background","31","0.0653210314202315","0.0439598984397486","0.0866821644007145","3"
"3 on Scale 1 to 10","2008","North Rhine-Westphalia","indirect migration background","9","","","","3"
"3 on Scale 1 to 10","2008","Schleswig-Holstein","indirect migration background","1","","","","3"
"3 on Scale 1 to 10","2008","Baden-Württemberg","no migration background","88","0.0645644633771194","0.0530667034661808","0.0760622232880579","3"
"3 on Scale 1 to 10","2008","Baden-Württemberg","direct migration background","29","","","","3"
"3 on Scale 1 to 10","2008","Baden-Württemberg","indirect migration background","8","","","","3"
"3 on Scale 1 to 10","2008","Brandenburg","direct migration background","2","","","","3"
"3 on Scale 1 to 10","2008","Brandenburg","indirect migration background","1","","","","3"
"3 on Scale 1 to 10","2008","Saxony-Anhalt","no migration background","62","0.0970631585130138","0.0765487502645916","0.117577566761436","3"
"3 on Scale 1 to 10","2008","Saxony-Anhalt","direct migration background","1","","","","3"
"3 on Scale 1 to 10","2008","Saxony-Anhalt","indirect migration background","","","","","3"
"3 on Scale 1 to 10","2008","Thuringia","no migration background","54","0.0690517685038869","0.052066931743952","0.0860366052638219","3"
"3 on Scale 1 to 10","2008","Bremen","indirect migration background","","","","","3"
"3 on Scale 1 to 10","2008","North Rhine-Westphalia","no migration background","154","0.0548895233240824","0.0470115599645444","0.0627674866836203","3"
"3 on Scale 1 to 10","2008","Lower Saxony","no migration background","75","0.0513040963088586","0.040342272218319","0.0622659203993982","3"
"3 on Scale 1 to 10","2008","Lower Saxony","direct migration background","5","","","","3"
"3 on Scale 1 to 10","2008","Lower Saxony","indirect migration background","2","","","","3"
"3 on Scale 1 to 10","2008","Bremen","no migration background","4","","","","3"
"3 on Scale 1 to 10","2008","Hesse","no migration background","50","0.0530349542820829","0.0395946055172457","0.0664753030469201","3"
"3 on Scale 1 to 10","2008","Hesse","direct migration background","16","","","","3"
"3 on Scale 1 to 10","2008","Hesse","indirect migration background","4","","","","3"
"3 on Scale 1 to 10","2008","Rhineland-Palatinate,Saarland","no migration background","42","0.0497019370179153","0.0355660929408032","0.0638377810950274","3"
"3 on Scale 1 to 10","2008","Rhineland-Palatinate,Saarland","direct migration background","5","","","","3"
"3 on Scale 1 to 10","2008","Mecklenburg-Western Pomerania","no migration background","27","","","","3"
"3 on Scale 1 to 10","2008","Mecklenburg-Western Pomerania","direct migration background","1","","","","3"
"3 on Scale 1 to 10","2008","Mecklenburg-Western Pomerania","indirect migration background","","","","","3"
"3 on Scale 1 to 10","2008","Saxony","no migration background","77","0.0610096558749203","0.0484720699038302","0.0735472418460103","3"
"3 on Scale 1 to 10","2008","Saxony","direct migration background","3","","","","3"
"3 on Scale 1 to 10","2008","Thuringia","direct migration background","2","","","","3"
"3 on Scale 1 to 10","2008","Thuringia","indirect migration background","1","","","","3"
"3 on Scale 1 to 10","2008","Bavaria","no migration background","121","0.0608804705388042","0.0512047453866361","0.0705561956909724","3"
"3 on Scale 1 to 10","2008","Bavaria","direct migration background","21","","","","3"
"3 on Scale 1 to 10","2008","Bavaria","indirect migration background","7","","","","3"
"3 on Scale 1 to 10","2008","Berlin","no migration background","49","0.0854423150606214","0.0639026966138688","0.106981933507374","3"
"4 on Scale 1 to 10","2008","Schleswig-Holstein","no migration background","23","","","","4"
"4 on Scale 1 to 10","2008","Schleswig-Holstein","direct migration background","1","","","","4"
"4 on Scale 1 to 10","2008","Schleswig-Holstein","indirect migration background","","","","","4"
"4 on Scale 1 to 10","2008","Hamburg","no migration background","13","","","","4"
"4 on Scale 1 to 10","2008","Hamburg","direct migration background","2","","","","4"
"4 on Scale 1 to 10","2008","Hamburg","indirect migration background","1","","","","4"
"4 on Scale 1 to 10","2008","Lower Saxony","no migration background","79","0.0522870784824334","0.041226473456558","0.0633476835083088","4"
"4 on Scale 1 to 10","2008","Lower Saxony","direct migration background","7","","","","4"
"4 on Scale 1 to 10","2008","Lower Saxony","indirect migration background","2","","","","4"
"4 on Scale 1 to 10","2008","Bremen","no migration background","4","","","","4"
"4 on Scale 1 to 10","2008","Bremen","direct migration background","1","","","","4"
"4 on Scale 1 to 10","2008","Bremen","indirect migration background","1","","","","4"
"4 on Scale 1 to 10","2008","North Rhine-Westphalia","no migration background","202","0.0779012097934248","0.0686310170179809","0.0871714025688686","4"
"4 on Scale 1 to 10","2008","North Rhine-Westphalia","direct migration background","38","0.0699030278806114","0.0478596248724442","0.0919464308887786","4"
"4 on Scale 1 to 10","2008","North Rhine-Westphalia","indirect migration background","13","","","","4"
"4 on Scale 1 to 10","2008","Hesse","no migration background","69","0.0661132718222678","0.0512109515940021","0.0810155920505336","4"
"4 on Scale 1 to 10","2008","Hesse","direct migration background","7","","","","4"
"4 on Scale 1 to 10","2008","Hesse","indirect migration background","3","","","","4"
"4 on Scale 1 to 10","2008","Rhineland-Palatinate,Saarland","no migration background","64","0.055298116293142","0.0404316508332534","0.0701645817530307","4"
"4 on Scale 1 to 10","2008","Rhineland-Palatinate,Saarland","direct migration background","10","","","","4"
"4 on Scale 1 to 10","2008","Rhineland-Palatinate,Saarland","indirect migration background","3","","","","4"
"4 on Scale 1 to 10","2008","Baden-Württemberg","no migration background","92","0.0586868938062063","0.0476905794872887","0.0696832081251239","4"
"4 on Scale 1 to 10","2008","Baden-Württemberg","direct migration background","23","","","","4"
"4 on Scale 1 to 10","2008","Baden-Württemberg","indirect migration background","14","","","","4"
"4 on Scale 1 to 10","2008","Bavaria","no migration background","140","0.0567934000218373","0.047427782082454","0.0661590179612206","4"
"4 on Scale 1 to 10","2008","Bavaria","direct migration background","15","","","","4"
"4 on Scale 1 to 10","2008","Bavaria","indirect migration background","8","","","","4"
"4 on Scale 1 to 10","2008","Berlin","no migration background","40","0.0550571207549415","0.0374817102711651","0.0726325312387179","4"
"4 on Scale 1 to 10","2008","Berlin","direct migration background","1","","","","4"
"4 on Scale 1 to 10","2008","Berlin","indirect migration background","1","","","","4"
"4 on Scale 1 to 10","2008","Brandenburg","no migration background","67","0.0925142122840968","0.0724358983059027","0.112592526262291","4"
"4 on Scale 1 to 10","2008","Brandenburg","direct migration background","1","","","","4"
"4 on Scale 1 to 10","2008","Brandenburg","indirect migration background","","","","","4"
"4 on Scale 1 to 10","2008","Mecklenburg-Western Pomerania","no migration background","29","","","","4"
"4 on Scale 1 to 10","2008","Mecklenburg-Western Pomerania","direct migration background","","","","","4"
"4 on Scale 1 to 10","2008","Mecklenburg-Western Pomerania","indirect migration background","","","","","4"
"4 on Scale 1 to 10","2008","Saxony","no migration background","106","0.0775140225093358","0.0635067332505621","0.0915213117681095","4"
"4 on Scale 1 to 10","2008","Saxony","direct migration background","6","","","","4"
"4 on Scale 1 to 10","2008","Saxony","indirect migration background","1","","","","4"
"4 on Scale 1 to 10","2008","Saxony-Anhalt","no migration background","61","0.0648867626457707","0.0478175592556406","0.0819559660359007","4"
"4 on Scale 1 to 10","2008","Saxony-Anhalt","direct migration background","","","","","4"
"4 on Scale 1 to 10","2008","Saxony-Anhalt","indirect migration background","1","","","","4"
"4 on Scale 1 to 10","2008","Thuringia","no migration background","57","0.0601018035550872","0.0441798860604885","0.0760237210496859","4"
"4 on Scale 1 to 10","2008","Thuringia","direct migration background","2","","","","4"
"4 on Scale 1 to 10","2008","Thuringia","indirect migration background","2","","","","4"
"5 on Scale 1 to 10","2008","Berlin","indirect migration background","2","","","","5"
"5 on Scale 1 to 10","2008","Berlin","direct migration background","9","","","","5"
"5 on Scale 1 to 10","2008","Brandenburg","no migration background","101","0.143905055321473","0.1195828982296","0.168227212413346","5"
"5 on Scale 1 to 10","2008","Brandenburg","direct migration background","1","","","","5"
"5 on Scale 1 to 10","2008","Brandenburg","indirect migration background","2","","","","5"
"5 on Scale 1 to 10","2008","Mecklenburg-Western Pomerania","indirect migration background","","","","","5"
"5 on Scale 1 to 10","2008","Saxony","no migration background","171","0.116956740661657","0.100122726371975","0.13379075495134","5"
"5 on Scale 1 to 10","2008","Mecklenburg-Western Pomerania","no migration background","50","0.109741971329235","0.0819814294906055","0.137502513167864","5"
"5 on Scale 1 to 10","2008","Mecklenburg-Western Pomerania","direct migration background","","","","","5"
"5 on Scale 1 to 10","2008","Bremen","direct migration background","","","","","5"
"5 on Scale 1 to 10","2008","Bremen","indirect migration background","1","","","","5"
"5 on Scale 1 to 10","2008","North Rhine-Westphalia","no migration background","348","0.111576714976123","0.100686794960413","0.122466634991832","5"
"5 on Scale 1 to 10","2008","North Rhine-Westphalia","direct migration background","50","0.0829121993160503","0.0590735740151148","0.106750824616986","5"
"5 on Scale 1 to 10","2008","North Rhine-Westphalia","indirect migration background","35","0.168175883816582","0.118180895175784","0.21817087245738","5"
"5 on Scale 1 to 10","2008","Hesse","no migration background","115","0.10359865186114","0.0853222471214196","0.121875056600859","5"
"5 on Scale 1 to 10","2008","Hesse","direct migration background","30","0.192634845509373","0.135496853839711","0.249772837179035","5"
"5 on Scale 1 to 10","2008","Hesse","indirect migration background","6","","","","5"
"5 on Scale 1 to 10","2008","Rhineland-Palatinate,Saarland","no migration background","124","0.162080291652845","0.138110101778726","0.186050481526964","5"
"5 on Scale 1 to 10","2008","Rhineland-Palatinate,Saarland","direct migration background","21","","","","5"
"5 on Scale 1 to 10","2008","Rhineland-Palatinate,Saarland","indirect migration background","5","","","","5"
"5 on Scale 1 to 10","2008","Baden-Württemberg","no migration background","142","0.0829716964617712","0.0700664624033655","0.0958769305201769","5"
"5 on Scale 1 to 10","2008","Baden-Württemberg","direct migration background","46","0.11110201314144","0.08170503047075","0.140498995812131","5"
"5 on Scale 1 to 10","2008","Baden-Württemberg","indirect migration background","13","","","","5"
"5 on Scale 1 to 10","2008","Bavaria","no migration background","267","0.127014536020745","0.113539984901317","0.140489087140173","5"
"5 on Scale 1 to 10","2008","Bavaria","direct migration background","28","","","","5"
"5 on Scale 1 to 10","2008","Bavaria","indirect migration background","15","","","","5"
"5 on Scale 1 to 10","2008","Berlin","no migration background","82","0.129056963836125","0.103223565053617","0.154890362618634","5"
"5 on Scale 1 to 10","2008","Saxony","direct migration background","1","","","","5"
"5 on Scale 1 to 10","2008","Saxony","indirect migration background","","","","","5"
"5 on Scale 1 to 10","2008","Saxony-Anhalt","no migration background","97","0.132003361465126","0.108547325735681","0.155459397194572","5"
"5 on Scale 1 to 10","2008","Saxony-Anhalt","indirect migration background","2","","","","5"
"5 on Scale 1 to 10","2008","Thuringia","no migration background","128","0.142087539258742","0.118698591003504","0.16547648751398","5"
"5 on Scale 1 to 10","2008","Thuringia","direct migration background","1","","","","5"
"5 on Scale 1 to 10","2008","Thuringia","indirect migration background","","","","","5"
"5 on Scale 1 to 10","2008","Saxony-Anhalt","direct migration background","4","","","","5"
"5 on Scale 1 to 10","2008","Schleswig-Holstein","no migration background","48","0.101416051364646","0.0749556903176825","0.127876412411609","5"
"5 on Scale 1 to 10","2008","Schleswig-Holstein","direct migration background","4","","","","5"
"5 on Scale 1 to 10","2008","Schleswig-Holstein","indirect migration background","2","","","","5"
"5 on Scale 1 to 10","2008","Hamburg","no migration background","31","0.106525745402841","0.0685106449200257","0.144540845885657","5"
"5 on Scale 1 to 10","2008","Hamburg","direct migration background","4","","","","5"
"5 on Scale 1 to 10","2008","Hamburg","indirect migration background","1","","","","5"
"5 on Scale 1 to 10","2008","Lower Saxony","no migration background","189","0.1336977872519","0.116787923189695","0.150607651314105","5"
"5 on Scale 1 to 10","2008","Lower Saxony","direct migration background","14","","","","5"
"5 on Scale 1 to 10","2008","Lower Saxony","indirect migration background","7","","","","5"
"5 on Scale 1 to 10","2008","Bremen","no migration background","12","","","","5"
"6 on Scale 1 to 10","2008","Bremen","direct migration background","1","","","","6"
"6 on Scale 1 to 10","2008","Schleswig-Holstein","no migration background","46","0.110902769015542","0.0833789361143472","0.138426601916736","6"
"6 on Scale 1 to 10","2008","Schleswig-Holstein","direct migration background","10","","","","6"
"6 on Scale 1 to 10","2008","Schleswig-Holstein","indirect migration background","","","","","6"
"6 on Scale 1 to 10","2008","Hamburg","no migration background","21","","","","6"
"6 on Scale 1 to 10","2008","Hamburg","direct migration background","1","","","","6"
"6 on Scale 1 to 10","2008","Hamburg","indirect migration background","","","","","6"
"6 on Scale 1 to 10","2008","Lower Saxony","no migration background","175","0.117823962898903","0.1018048767896","0.133843049008206","6"
"6 on Scale 1 to 10","2008","Lower Saxony","direct migration background","15","","","","6"
"6 on Scale 1 to 10","2008","Lower Saxony","indirect migration background","3","","","","6"
"6 on Scale 1 to 10","2008","Bremen","no migration background","9","","","","6"
"6 on Scale 1 to 10","2008","Bremen","indirect migration background","","","","","6"
"6 on Scale 1 to 10","2008","North Rhine-Westphalia","no migration background","333","0.107116790471428","0.0964199863755434","0.117813594567313","6"
"6 on Scale 1 to 10","2008","North Rhine-Westphalia","direct migration background","47","0.0852631485218845","0.0611199223825963","0.109406374661173","6"
"6 on Scale 1 to 10","2008","North Rhine-Westphalia","indirect migration background","13","","","","6"
"6 on Scale 1 to 10","2008","Hesse","no migration background","129","0.139410923570355","0.118637466278893","0.160184380861817","6"
"6 on Scale 1 to 10","2008","Hesse","direct migration background","14","","","","6"
"6 on Scale 1 to 10","2008","Hesse","indirect migration background","13","","","","6"
"6 on Scale 1 to 10","2008","Rhineland-Palatinate,Saarland","no migration background","92","0.100077629566948","0.0805577921665794","0.119597466967318","6"
"6 on Scale 1 to 10","2008","Rhineland-Palatinate,Saarland","direct migration background","11","","","","6"
"6 on Scale 1 to 10","2008","Rhineland-Palatinate,Saarland","indirect migration background","3","","","","6"
"6 on Scale 1 to 10","2008","Baden-Württemberg","no migration background","212","0.117691954522315","0.102615714676026","0.132768194368604","6"
"6 on Scale 1 to 10","2008","Baden-Württemberg","direct migration background","49","0.116763905795661","0.0867233099772264","0.146804501614095","6"
"6 on Scale 1 to 10","2008","Baden-Württemberg","indirect migration background","16","","","","6"
"6 on Scale 1 to 10","2008","Bavaria","no migration background","231","0.100616168610967","0.0884433678740012","0.112788969347933","6"
"6 on Scale 1 to 10","2008","Bavaria","direct migration background","28","","","","6"
"6 on Scale 1 to 10","2008","Bavaria","indirect migration background","11","","","","6"
"6 on Scale 1 to 10","2008","Berlin","no migration background","70","0.0934376499875945","0.07101144726942","0.115863852705769","6"
"6 on Scale 1 to 10","2008","Berlin","direct migration background","7","","","","6"
"6 on Scale 1 to 10","2008","Berlin","indirect migration background","6","","","","6"
"6 on Scale 1 to 10","2008","Brandenburg","no migration background","79","0.0753944883253647","0.0570986996387432","0.0936902770119862","6"
"6 on Scale 1 to 10","2008","Brandenburg","direct migration background","1","","","","6"
"6 on Scale 1 to 10","2008","Brandenburg","indirect migration background","","","","","6"
"6 on Scale 1 to 10","2008","Mecklenburg-Western Pomerania","no migration background","64","0.135937937794892","0.105499215549072","0.166376660040711","6"
"6 on Scale 1 to 10","2008","Mecklenburg-Western Pomerania","direct migration background","1","","","","6"
"6 on Scale 1 to 10","2008","Mecklenburg-Western Pomerania","indirect migration background","1","","","","6"
"6 on Scale 1 to 10","2008","Saxony","no migration background","158","0.0964294336213225","0.0809672823121724","0.111891584930473","6"
"6 on Scale 1 to 10","2008","Saxony","direct migration background","1","","","","6"
"6 on Scale 1 to 10","2008","Saxony","indirect migration background","1","","","","6"
"6 on Scale 1 to 10","2008","Saxony-Anhalt","no migration background","77","0.0926057280472137","0.0725184986420995","0.112692957452328","6"
"6 on Scale 1 to 10","2008","Saxony-Anhalt","direct migration background","1","","","","6"
"6 on Scale 1 to 10","2008","Saxony-Anhalt","indirect migration background","1","","","","6"
"6 on Scale 1 to 10","2008","Thuringia","no migration background","89","0.101171857171967","0.0809705533300479","0.121373161013885","6"
"6 on Scale 1 to 10","2008","Thuringia","direct migration background","4","","","","6"
"6 on Scale 1 to 10","2008","Thuringia","indirect migration background","","","","","6"
"7 on Scale 1 to 10","2008","Schleswig-Holstein","no migration background","78","0.164645623779778","0.132138873062706","0.197152374496849","7"
"7 on Scale 1 to 10","2008","Schleswig-Holstein","direct migration background","10","","","","7"
"7 on Scale 1 to 10","2008","Berlin","direct migration background","9","","","","7"
"7 on Scale 1 to 10","2008","Berlin","indirect migration background","6","","","","7"
"7 on Scale 1 to 10","2008","Schleswig-Holstein","indirect migration background","","","","","7"
"7 on Scale 1 to 10","2008","Hamburg","no migration background","37","0.123393680063204","0.0828674143589385","0.163919945767469","7"
"7 on Scale 1 to 10","2008","Hamburg","direct migration background","2","","","","7"
"7 on Scale 1 to 10","2008","Hamburg","indirect migration background","1","","","","7"
"7 on Scale 1 to 10","2008","Lower Saxony","no migration background","254","0.158234611029779","0.140100779819368","0.17636844224019","7"
"7 on Scale 1 to 10","2008","Lower Saxony","direct migration background","24","","","","7"
"7 on Scale 1 to 10","2008","Lower Saxony","indirect migration background","6","","","","7"
"7 on Scale 1 to 10","2008","Bremen","no migration background","17","","","","7"
"7 on Scale 1 to 10","2008","Bremen","direct migration background","2","","","","7"
"7 on Scale 1 to 10","2008","Bremen","indirect migration background","","","","","7"
"7 on Scale 1 to 10","2008","North Rhine-Westphalia","no migration background","477","0.1359628474167","0.124107773330044","0.147817921503356","7"
"7 on Scale 1 to 10","2008","North Rhine-Westphalia","direct migration background","89","0.195380830734568","0.16110383938053","0.229657822088605","7"
"7 on Scale 1 to 10","2008","North Rhine-Westphalia","indirect migration background","24","","","","7"
"7 on Scale 1 to 10","2008","Hesse","no migration background","166","0.154559873501987","0.132880223343287","0.176239523660687","7"
"7 on Scale 1 to 10","2008","Hesse","direct migration background","20","","","","7"
"7 on Scale 1 to 10","2008","Hesse","indirect migration background","6","","","","7"
"7 on Scale 1 to 10","2008","Rhineland-Palatinate,Saarland","no migration background","133","0.127207496010099","0.105534596239363","0.148880395780835","7"
"7 on Scale 1 to 10","2008","Rhineland-Palatinate,Saarland","direct migration background","25","","","","7"
"7 on Scale 1 to 10","2008","Rhineland-Palatinate,Saarland","indirect migration background","8","","","","7"
"7 on Scale 1 to 10","2008","Baden-Württemberg","no migration background","320","0.164045491113173","0.146720101814148","0.181370880412199","7"
"7 on Scale 1 to 10","2008","Baden-Württemberg","direct migration background","69","0.1112659788536","0.0818500253688147","0.140681932338385","7"
"7 on Scale 1 to 10","2008","Baden-Württemberg","indirect migration background","22","","","","7"
"7 on Scale 1 to 10","2008","Bavaria","no migration background","319","0.129256785547017","0.115681286231104","0.14283228486293","7"
"7 on Scale 1 to 10","2008","Bavaria","direct migration background","42","0.130820641230426","0.0920775351766819","0.16956374728417","7"
"7 on Scale 1 to 10","2008","Bavaria","indirect migration background","21","","","","7"
"7 on Scale 1 to 10","2008","Berlin","no migration background","97","0.153191897620504","0.125439126692497","0.180944668548511","7"
"7 on Scale 1 to 10","2008","Brandenburg","no migration background","125","0.157949801797894","0.132678266246241","0.183221337349546","7"
"7 on Scale 1 to 10","2008","Brandenburg","direct migration background","3","","","","7"
"7 on Scale 1 to 10","2008","Brandenburg","indirect migration background","1","","","","7"
"7 on Scale 1 to 10","2008","Mecklenburg-Western Pomerania","no migration background","73","0.123702868930476","0.0944613996018081","0.152944338259143","7"
"7 on Scale 1 to 10","2008","Mecklenburg-Western Pomerania","direct migration background","1","","","","7"
"7 on Scale 1 to 10","2008","Mecklenburg-Western Pomerania","indirect migration background","","","","","7"
"7 on Scale 1 to 10","2008","Saxony","no migration background","231","0.161088831799234","0.141832446050327","0.18034521754814","7"
"7 on Scale 1 to 10","2008","Saxony","direct migration background","3","","","","7"
"7 on Scale 1 to 10","2008","Saxony","indirect migration background","3","","","","7"
"7 on Scale 1 to 10","2008","Saxony-Anhalt","no migration background","123","0.172065638963009","0.145911036288573","0.198220241637446","7"
"7 on Scale 1 to 10","2008","Saxony-Anhalt","direct migration background","","","","","7"
"7 on Scale 1 to 10","2008","Saxony-Anhalt","indirect migration background","","","","","7"
"7 on Scale 1 to 10","2008","Thuringia","no migration background","148","0.159204135843663","0.134694680240767","0.183713591446559","7"
"7 on Scale 1 to 10","2008","Thuringia","direct migration background","2","","","","7"
"7 on Scale 1 to 10","2008","Thuringia","indirect migration background","1","","","","7"
"8 on Scale 1 to 10","2008","Berlin","direct migration background","5","","","","8"
"8 on Scale 1 to 10","2008","Berlin","indirect migration background","4","","","","8"
"8 on Scale 1 to 10","2008","Brandenburg","no migration background","189","0.25819724488259","0.227870686965851","0.28852380279933","8"
"8 on Scale 1 to 10","2008","Brandenburg","direct migration background","4","","","","8"
"8 on Scale 1 to 10","2008","Schleswig-Holstein","no migration background","112","0.221843688039756","0.185425356152036","0.258262019927477","8"
"8 on Scale 1 to 10","2008","Schleswig-Holstein","direct migration background","9","","","","8"
"8 on Scale 1 to 10","2008","Schleswig-Holstein","indirect migration background","1","","","","8"
"8 on Scale 1 to 10","2008","Hamburg","no migration background","68","0.275726167790211","0.22066084110495","0.330791494475472","8"
"8 on Scale 1 to 10","2008","Hamburg","direct migration background","3","","","","8"
"8 on Scale 1 to 10","2008","Hamburg","indirect migration background","1","","","","8"
"8 on Scale 1 to 10","2008","Lower Saxony","no migration background","354","0.222334238295586","0.201673636969744","0.242994839621429","8"
"8 on Scale 1 to 10","2008","Lower Saxony","direct migration background","36","0.180775511307307","0.118984369685605","0.242566652929009","8"
"8 on Scale 1 to 10","2008","Lower Saxony","indirect migration background","13","","","","8"
"8 on Scale 1 to 10","2008","Bremen","no migration background","31","0.21739152548786","0.145083473308134","0.289699577667587","8"
"8 on Scale 1 to 10","2008","Bremen","direct migration background","3","","","","8"
"8 on Scale 1 to 10","2008","Bremen","indirect migration background","","","","","8"
"8 on Scale 1 to 10","2008","North Rhine-Westphalia","no migration background","720","0.221624555196088","0.207258701467739","0.235990408924436","8"
"8 on Scale 1 to 10","2008","North Rhine-Westphalia","direct migration background","120","0.227648592523597","0.191398719684054","0.263898465363141","8"
"8 on Scale 1 to 10","2008","North Rhine-Westphalia","indirect migration background","41","0.18128860915628","0.129791892977105","0.232785325335455","8"
"8 on Scale 1 to 10","2008","Hesse","no migration background","215","0.180594479663325","0.157523600589703","0.203665358736946","8"
"8 on Scale 1 to 10","2008","Hesse","direct migration background","35","0.187757572387772","0.131177420046268","0.244337724729276","8"
"8 on Scale 1 to 10","2008","Hesse","indirect migration background","11","","","","8"
"8 on Scale 1 to 10","2008","Rhineland-Palatinate,Saarland","no migration background","162","0.164660957894736","0.140537926863363","0.188783988926109","8"
"8 on Scale 1 to 10","2008","Rhineland-Palatinate,Saarland","direct migration background","31","0.170795852616595","0.108898323619346","0.232693381613843","8"
"8 on Scale 1 to 10","2008","Rhineland-Palatinate,Saarland","indirect migration background","7","","","","8"
"8 on Scale 1 to 10","2008","Baden-Württemberg","no migration background","436","0.234975357483715","0.215139160956125","0.254811554011304","8"
"8 on Scale 1 to 10","2008","Baden-Württemberg","direct migration background","102","0.239018331514213","0.199123325613295","0.278913337415132","8"
"8 on Scale 1 to 10","2008","Baden-Württemberg","indirect migration background","44","0.22486105305545","0.163529354950067","0.286192751160834","8"
"8 on Scale 1 to 10","2008","Bavaria","no migration background","529","0.21486710110696","0.19824673303941","0.23148746917451","8"
"8 on Scale 1 to 10","2008","Bavaria","direct migration background","62","0.205099706863449","0.158707990026623","0.251491423700275","8"
"8 on Scale 1 to 10","2008","Bavaria","indirect migration background","26","","","","8"
"8 on Scale 1 to 10","2008","Berlin","no migration background","138","0.201652255408412","0.170735526069624","0.2325689847472","8"
"8 on Scale 1 to 10","2008","Brandenburg","indirect migration background","3","","","","8"
"8 on Scale 1 to 10","2008","Mecklenburg-Western Pomerania","no migration background","125","0.234804399660857","0.197158042542807","0.272450756778908","8"
"8 on Scale 1 to 10","2008","Mecklenburg-Western Pomerania","direct migration background","","","","","8"
"8 on Scale 1 to 10","2008","Mecklenburg-Western Pomerania","indirect migration background","","","","","8"
"8 on Scale 1 to 10","2008","Saxony","no migration background","304","0.226422348851642","0.204499566307112","0.248345131396172","8"
"8 on Scale 1 to 10","2008","Saxony","direct migration background","2","","","","8"
"8 on Scale 1 to 10","2008","Saxony","indirect migration background","1","","","","8"
"8 on Scale 1 to 10","2008","Saxony-Anhalt","no migration background","160","0.176774592785971","0.150340013488293","0.203209172083648","8"
"8 on Scale 1 to 10","2008","Saxony-Anhalt","direct migration background","1","","","","8"
"8 on Scale 1 to 10","2008","Saxony-Anhalt","indirect migration background","2","","","","8"
"8 on Scale 1 to 10","2008","Thuringia","no migration background","165","0.202320006559422","0.175408068550669","0.229231944568175","8"
"8 on Scale 1 to 10","2008","Thuringia","direct migration background","3","","","","8"
"8 on Scale 1 to 10","2008","Thuringia","indirect migration background","1","","","","8"
"9 on Scale 1 to 10","2008","Schleswig-Holstein","no migration background","85","0.158723184116757","0.126693494305708","0.190752873927807","9"
"9 on Scale 1 to 10","2008","Schleswig-Holstein","direct migration background","4","","","","9"
"9 on Scale 1 to 10","2008","Schleswig-Holstein","indirect migration background","1","","","","9"
"9 on Scale 1 to 10","2008","Bremen","direct migration background","","","","","9"
"9 on Scale 1 to 10","2008","Bremen","indirect migration background","","","","","9"
"9 on Scale 1 to 10","2008","Berlin","direct migration background","8","","","","9"
"9 on Scale 1 to 10","2008","Berlin","indirect migration background","5","","","","9"
"9 on Scale 1 to 10","2008","Brandenburg","no migration background","85","0.0973433875071232","0.0768025754362053","0.117884199578041","9"
"9 on Scale 1 to 10","2008","Brandenburg","direct migration background","1","","","","9"
"9 on Scale 1 to 10","2008","Brandenburg","indirect migration background","1","","","","9"
"9 on Scale 1 to 10","2008","Mecklenburg-Western Pomerania","no migration background","61","0.12129574726446","0.0923004369015118","0.150291057627408","9"
"9 on Scale 1 to 10","2008","Saxony","indirect migration background","","","","","9"
"9 on Scale 1 to 10","2008","Saxony-Anhalt","no migration background","90","0.121881488319948","0.0992116439712967","0.144551332668599","9"
"9 on Scale 1 to 10","2008","Saxony-Anhalt","direct migration background","1","","","","9"
"9 on Scale 1 to 10","2008","Saxony-Anhalt","indirect migration background","1","","","","9"
"9 on Scale 1 to 10","2008","Thuringia","no migration background","117","0.137619284451637","0.114541167251688","0.160697401651587","9"
"9 on Scale 1 to 10","2008","Hamburg","no migration background","42","0.155819091392489","0.111128517946207","0.20050966483877","9"
"9 on Scale 1 to 10","2008","Hamburg","direct migration background","4","","","","9"
"9 on Scale 1 to 10","2008","Hamburg","indirect migration background","3","","","","9"
"9 on Scale 1 to 10","2008","Lower Saxony","no migration background","194","0.117705939230384","0.101693807250156","0.133718071210612","9"
"9 on Scale 1 to 10","2008","North Rhine-Westphalia","no migration background","485","0.13759687598934","0.125682058735609","0.149511693243071","9"
"9 on Scale 1 to 10","2008","North Rhine-Westphalia","direct migration background","54","0.0986910513371625","0.0729075281771633","0.124474574497162","9"
"9 on Scale 1 to 10","2008","North Rhine-Westphalia","indirect migration background","40","0.181426551326091","0.129914587088798","0.232938515563384","9"
"9 on Scale 1 to 10","2008","Lower Saxony","direct migration background","21","","","","9"
"9 on Scale 1 to 10","2008","Lower Saxony","indirect migration background","6","","","","9"
"9 on Scale 1 to 10","2008","Bremen","no migration background","21","","","","9"
"9 on Scale 1 to 10","2008","Mecklenburg-Western Pomerania","direct migration background","","","","","9"
"9 on Scale 1 to 10","2008","Mecklenburg-Western Pomerania","indirect migration background","","","","","9"
"9 on Scale 1 to 10","2008","Saxony","no migration background","182","0.132868219019828","0.115087996908604","0.150648441131052","9"
"9 on Scale 1 to 10","2008","Saxony","direct migration background","4","","","","9"
"9 on Scale 1 to 10","2008","Hesse","no migration background","151","0.146471944428478","0.125266440934039","0.167677447922917","9"
"9 on Scale 1 to 10","2008","Hesse","direct migration background","23","","","","9"
"9 on Scale 1 to 10","2008","Hesse","indirect migration background","10","","","","9"
"9 on Scale 1 to 10","2008","Rhineland-Palatinate,Saarland","no migration background","131","0.150379301640699","0.127129902114746","0.173628701166652","9"
"9 on Scale 1 to 10","2008","Rhineland-Palatinate,Saarland","direct migration background","17","","","","9"
"9 on Scale 1 to 10","2008","Rhineland-Palatinate,Saarland","indirect migration background","6","","","","9"
"9 on Scale 1 to 10","2008","Baden-Württemberg","no migration background","249","0.140938088165893","0.124658779764221","0.157217396567564","9"
"9 on Scale 1 to 10","2008","Baden-Württemberg","direct migration background","61","0.132149290433802","0.100470341770591","0.163828239097014","9"
"9 on Scale 1 to 10","2008","Baden-Württemberg","indirect migration background","34","0.137032933281848","0.0865147553729823","0.187551111190715","9"
"9 on Scale 1 to 10","2008","Bavaria","no migration background","333","0.132306484987015","0.118595841797938","0.146017128176092","9"
"9 on Scale 1 to 10","2008","Bavaria","direct migration background","45","0.120905751666627","0.0834479059503457","0.158363597382909","9"
"9 on Scale 1 to 10","2008","Bavaria","indirect migration background","20","","","","9"
"9 on Scale 1 to 10","2008","Berlin","no migration background","66","0.0987268862298969","0.07574202540173","0.121711747058064","9"
"9 on Scale 1 to 10","2008","Thuringia","direct migration background","2","","","","9"
"9 on Scale 1 to 10","2008","Thuringia","indirect migration background","1","","","","9"
"0 Completely dissatisfied","2009","Schleswig-Holstein","no migration background","3","","","","0"
"0 Completely dissatisfied","2009","Schleswig-Holstein","direct migration background","1","","","","0"
"0 Completely dissatisfied","2009","Schleswig-Holstein","indirect migration background","","","","","0"
"0 Completely dissatisfied","2009","Hamburg","no migration background","2","","","","0"
"0 Completely dissatisfied","2009","Hamburg","direct migration background","","","","","0"
"0 Completely dissatisfied","2009","Hamburg","indirect migration background","","","","","0"
"0 Completely dissatisfied","2009","Lower Saxony","no migration background","7","","","","0"
"0 Completely dissatisfied","2009","Lower Saxony","direct migration background","","","","","0"
"0 Completely dissatisfied","2009","Lower Saxony","indirect migration background","","","","","0"
"0 Completely dissatisfied","2009","Bremen","no migration background","","","","","0"
"0 Completely dissatisfied","2009","Bremen","direct migration background","","","","","0"
"0 Completely dissatisfied","2009","Bremen","indirect migration background","","","","","0"
"0 Completely dissatisfied","2009","North Rhine-Westphalia","no migration background","21","","","","0"
"0 Completely dissatisfied","2009","North Rhine-Westphalia","direct migration background","1","","","","0"
"0 Completely dissatisfied","2009","North Rhine-Westphalia","indirect migration background","1","","","","0"
"0 Completely dissatisfied","2009","Hesse","no migration background","9","","","","0"
"0 Completely dissatisfied","2009","Hesse","direct migration background","5","","","","0"
"0 Completely dissatisfied","2009","Hesse","indirect migration background","","","","","0"
"0 Completely dissatisfied","2009","Rhineland-Palatinate,Saarland","no migration background","10","","","","0"
"0 Completely dissatisfied","2009","Rhineland-Palatinate,Saarland","direct migration background","1","","","","0"
"0 Completely dissatisfied","2009","Rhineland-Palatinate,Saarland","indirect migration background","","","","","0"
"0 Completely dissatisfied","2009","Baden-Württemberg","no migration background","5","","","","0"
"0 Completely dissatisfied","2009","Baden-Württemberg","direct migration background","","","","","0"
"0 Completely dissatisfied","2009","Baden-Württemberg","indirect migration background","","","","","0"
"0 Completely dissatisfied","2009","Bavaria","no migration background","13","","","","0"
"0 Completely dissatisfied","2009","Bavaria","direct migration background","5","","","","0"
"0 Completely dissatisfied","2009","Bavaria","indirect migration background","","","","","0"
"0 Completely dissatisfied","2009","Berlin","no migration background","10","","","","0"
"0 Completely dissatisfied","2009","Berlin","direct migration background","1","","","","0"
"0 Completely dissatisfied","2009","Berlin","indirect migration background","","","","","0"
"0 Completely dissatisfied","2009","Brandenburg","no migration background","3","","","","0"
"0 Completely dissatisfied","2009","Brandenburg","direct migration background","","","","","0"
"0 Completely dissatisfied","2009","Brandenburg","indirect migration background","","","","","0"
"0 Completely dissatisfied","2009","Mecklenburg-Western Pomerania","no migration background","2","","","","0"
"0 Completely dissatisfied","2009","Mecklenburg-Western Pomerania","direct migration background","","","","","0"
"0 Completely dissatisfied","2009","Mecklenburg-Western Pomerania","indirect migration background","","","","","0"
"0 Completely dissatisfied","2009","Saxony","no migration background","2","","","","0"
"0 Completely dissatisfied","2009","Saxony","direct migration background","1","","","","0"
"0 Completely dissatisfied","2009","Saxony","indirect migration background","","","","","0"
"0 Completely dissatisfied","2009","Saxony-Anhalt","no migration background","5","","","","0"
"0 Completely dissatisfied","2009","Saxony-Anhalt","direct migration background","1","","","","0"
"0 Completely dissatisfied","2009","Saxony-Anhalt","indirect migration background","","","","","0"
"0 Completely dissatisfied","2009","Thuringia","no migration background","5","","","","0"
"0 Completely dissatisfied","2009","Thuringia","direct migration background","","","","","0"
"0 Completely dissatisfied","2009","Thuringia","indirect migration background","","","","","0"
"1 on Scale 1 to 10","2009","Saxony","direct migration background","","","","","1"
"1 on Scale 1 to 10","2009","Schleswig-Holstein","no migration background","6","","","","1"
"1 on Scale 1 to 10","2009","Schleswig-Holstein","direct migration background","","","","","1"
"1 on Scale 1 to 10","2009","Schleswig-Holstein","indirect migration background","","","","","1"
"1 on Scale 1 to 10","2009","Hamburg","no migration background","4","","","","1"
"1 on Scale 1 to 10","2009","Hamburg","direct migration background","","","","","1"
"1 on Scale 1 to 10","2009","Hamburg","indirect migration background","","","","","1"
"1 on Scale 1 to 10","2009","Lower Saxony","no migration background","14","","","","1"
"1 on Scale 1 to 10","2009","Lower Saxony","direct migration background","","","","","1"
"1 on Scale 1 to 10","2009","Lower Saxony","indirect migration background","","","","","1"
"1 on Scale 1 to 10","2009","Bremen","no migration background","3","","","","1"
"1 on Scale 1 to 10","2009","Berlin","direct migration background","1","","","","1"
"1 on Scale 1 to 10","2009","Berlin","indirect migration background","","","","","1"
"1 on Scale 1 to 10","2009","Brandenburg","no migration background","7","","","","1"
"1 on Scale 1 to 10","2009","Brandenburg","direct migration background","","","","","1"
"1 on Scale 1 to 10","2009","Brandenburg","indirect migration background","","","","","1"
"1 on Scale 1 to 10","2009","Mecklenburg-Western Pomerania","no migration background","4","","","","1"
"1 on Scale 1 to 10","2009","Mecklenburg-Western Pomerania","direct migration background","","","","","1"
"1 on Scale 1 to 10","2009","Mecklenburg-Western Pomerania","indirect migration background","","","","","1"
"1 on Scale 1 to 10","2009","Saxony","no migration background","18","","","","1"
"1 on Scale 1 to 10","2009","Bremen","direct migration background","","","","","1"
"1 on Scale 1 to 10","2009","Bremen","indirect migration background","","","","","1"
"1 on Scale 1 to 10","2009","North Rhine-Westphalia","no migration background","33","0.0125523633539798","0.00856448427111003","0.0165402424368496","1"
"1 on Scale 1 to 10","2009","North Rhine-Westphalia","direct migration background","6","","","","1"
"1 on Scale 1 to 10","2009","North Rhine-Westphalia","indirect migration background","","","","","1"
"1 on Scale 1 to 10","2009","Hesse","no migration background","7","","","","1"
"1 on Scale 1 to 10","2009","Hesse","direct migration background","1","","","","1"
"1 on Scale 1 to 10","2009","Hesse","indirect migration background","1","","","","1"
"1 on Scale 1 to 10","2009","Rhineland-Palatinate,Saarland","no migration background","8","","","","1"
"1 on Scale 1 to 10","2009","Rhineland-Palatinate,Saarland","direct migration background","1","","","","1"
"1 on Scale 1 to 10","2009","Rhineland-Palatinate,Saarland","indirect migration background","2","","","","1"
"1 on Scale 1 to 10","2009","Baden-Württemberg","no migration background","10","","","","1"
"1 on Scale 1 to 10","2009","Baden-Württemberg","direct migration background","5","","","","1"
"1 on Scale 1 to 10","2009","Baden-Württemberg","indirect migration background","2","","","","1"
"1 on Scale 1 to 10","2009","Bavaria","no migration background","19","","","","1"
"1 on Scale 1 to 10","2009","Bavaria","direct migration background","3","","","","1"
"1 on Scale 1 to 10","2009","Bavaria","indirect migration background","4","","","","1"
"1 on Scale 1 to 10","2009","Berlin","no migration background","7","","","","1"
"1 on Scale 1 to 10","2009","Saxony","indirect migration background","","","","","1"
"1 on Scale 1 to 10","2009","Saxony-Anhalt","no migration background","6","","","","1"
"1 on Scale 1 to 10","2009","Saxony-Anhalt","direct migration background","1","","","","1"
"1 on Scale 1 to 10","2009","Saxony-Anhalt","indirect migration background","","","","","1"
"1 on Scale 1 to 10","2009","Thuringia","indirect migration background","","","","","1"
"1 on Scale 1 to 10","2009","Thuringia","direct migration background","","","","","1"
"1 on Scale 1 to 10","2009","Thuringia","no migration background","11","","","","1"
"10 Completely satisfied","2009","Thuringia","indirect migration background","1","","","","10"
"10 Completely satisfied","2009","Thuringia","direct migration background","2","","","","10"
"10 Completely satisfied","2009","Saxony","direct migration background","1","","","","10"
"10 Completely satisfied","2009","Saxony","indirect migration background","2","","","","10"
"10 Completely satisfied","2009","Saxony-Anhalt","no migration background","48","0.0590110141280665","0.0421800338117331","0.0758419944443999","10"
"10 Completely satisfied","2009","Saxony-Anhalt","direct migration background","","","","","10"
"10 Completely satisfied","2009","Saxony-Anhalt","indirect migration background","","","","","10"
"10 Completely satisfied","2009","Berlin","direct migration background","6","","","","10"
"10 Completely satisfied","2009","Berlin","indirect migration background","2","","","","10"
"10 Completely satisfied","2009","Brandenburg","indirect migration background","","","","","10"
"10 Completely satisfied","2009","Mecklenburg-Western Pomerania","no migration background","38","0.100885024456718","0.0735986313285505","0.128171417584886","10"
"10 Completely satisfied","2009","Mecklenburg-Western Pomerania","direct migration background","","","","","10"
"10 Completely satisfied","2009","Mecklenburg-Western Pomerania","indirect migration background","","","","","10"
"10 Completely satisfied","2009","Saxony","no migration background","136","0.103588886014803","0.0872487728659975","0.119928999163609","10"
"10 Completely satisfied","2009","Thuringia","no migration background","57","0.0846985902953844","0.065452601735267","0.103944578855502","10"
"10 Completely satisfied","2009","Brandenburg","no migration background","56","0.0763642400198628","0.0575813304554093","0.0951471495843162","10"
"10 Completely satisfied","2009","Brandenburg","direct migration background","2","","","","10"
"10 Completely satisfied","2009","Schleswig-Holstein","no migration background","65","0.121149993681703","0.0913636835972266","0.15093630376618","10"
"10 Completely satisfied","2009","Schleswig-Holstein","direct migration background","4","","","","10"
"10 Completely satisfied","2009","Schleswig-Holstein","indirect migration background","2","","","","10"
"10 Completely satisfied","2009","Hamburg","no migration background","25","","","","10"
"10 Completely satisfied","2009","Hamburg","direct migration background","2","","","","10"
"10 Completely satisfied","2009","Hamburg","indirect migration background","1","","","","10"
"10 Completely satisfied","2009","Lower Saxony","no migration background","161","0.101013631037114","0.0855983442827804","0.116428917791448","10"
"10 Completely satisfied","2009","Bremen","direct migration background","1","","","","10"
"10 Completely satisfied","2009","Bremen","indirect migration background","","","","","10"
"10 Completely satisfied","2009","North Rhine-Westphalia","no migration background","313","0.0948658923013304","0.0843696534169851","0.105362131185676","10"
"10 Completely satisfied","2009","North Rhine-Westphalia","direct migration background","37","0.1018291249987","0.0737935272936899","0.129864722703711","10"
"10 Completely satisfied","2009","North Rhine-Westphalia","indirect migration background","28","","","","10"
"10 Completely satisfied","2009","Hesse","no migration background","108","0.106459328819951","0.0873719343512525","0.12554672328865","10"
"10 Completely satisfied","2009","Hesse","direct migration background","14","","","","10"
"10 Completely satisfied","2009","Hesse","indirect migration background","8","","","","10"
"10 Completely satisfied","2009","Rhineland-Palatinate,Saarland","no migration background","106","0.119368125621995","0.0974164604784276","0.141319790765563","10"
"10 Completely satisfied","2009","Rhineland-Palatinate,Saarland","direct migration background","17","","","","10"
"10 Completely satisfied","2009","Rhineland-Palatinate,Saarland","indirect migration background","11","","","","10"
"10 Completely satisfied","2009","Baden-Württemberg","no migration background","154","0.0883755281257562","0.0744936150998278","0.102257441151685","10"
"10 Completely satisfied","2009","Baden-Württemberg","direct migration background","32","0.0978696008489941","0.0668286278104513","0.128910573887537","10"
"10 Completely satisfied","2009","Baden-Württemberg","indirect migration background","16","","","","10"
"10 Completely satisfied","2009","Bavaria","no migration background","249","0.103786840020628","0.0911597299630477","0.116413950078208","10"
"10 Completely satisfied","2009","Bavaria","direct migration background","31","0.118645720994259","0.0793393711152859","0.157952070873232","10"
"10 Completely satisfied","2009","Bavaria","indirect migration background","22","","","","10"
"10 Completely satisfied","2009","Berlin","no migration background","44","0.0598135604037567","0.0410409497657723","0.0785861710417412","10"
"10 Completely satisfied","2009","Lower Saxony","direct migration background","14","","","","10"
"10 Completely satisfied","2009","Lower Saxony","indirect migration background","6","","","","10"
"10 Completely satisfied","2009","Bremen","no migration background","13","","","","10"
"2 on Scale 1 to 10","2009","Schleswig-Holstein","no migration background","10","","","","2"
"2 on Scale 1 to 10","2009","Schleswig-Holstein","direct migration background","","","","","2"
"2 on Scale 1 to 10","2009","Schleswig-Holstein","indirect migration background","1","","","","2"
"2 on Scale 1 to 10","2009","Bremen","direct migration background","","","","","2"
"2 on Scale 1 to 10","2009","Bremen","indirect migration background","","","","","2"
"2 on Scale 1 to 10","2009","North Rhine-Westphalia","no migration background","72","0.022598900762376","0.0172753394275679","0.0279224620971841","2"
"2 on Scale 1 to 10","2009","North Rhine-Westphalia","direct migration background","15","","","","2"
"2 on Scale 1 to 10","2009","North Rhine-Westphalia","indirect migration background","5","","","","2"
"2 on Scale 1 to 10","2009","Hesse","no migration background","29","","","","2"
"2 on Scale 1 to 10","2009","Hesse","direct migration background","6","","","","2"
"2 on Scale 1 to 10","2009","Hesse","indirect migration background","1","","","","2"
"2 on Scale 1 to 10","2009","Rhineland-Palatinate,Saarland","no migration background","21","","","","2"
"2 on Scale 1 to 10","2009","Rhineland-Palatinate,Saarland","direct migration background","","","","","2"
"2 on Scale 1 to 10","2009","Rhineland-Palatinate,Saarland","indirect migration background","1","","","","2"
"2 on Scale 1 to 10","2009","Baden-Württemberg","no migration background","39","0.0258938834780896","0.0181264588023621","0.0336613081538172","2"
"2 on Scale 1 to 10","2009","Baden-Württemberg","direct migration background","14","","","","2"
"2 on Scale 1 to 10","2009","Baden-Württemberg","indirect migration background","3","","","","2"
"2 on Scale 1 to 10","2009","Bavaria","no migration background","73","0.0400627529659375","0.0319434456652598","0.0481820602666153","2"
"2 on Scale 1 to 10","2009","Bavaria","direct migration background","8","","","","2"
"2 on Scale 1 to 10","2009","Bavaria","indirect migration background","3","","","","2"
"2 on Scale 1 to 10","2009","Berlin","no migration background","24","","","","2"
"2 on Scale 1 to 10","2009","Berlin","direct migration background","","","","","2"
"2 on Scale 1 to 10","2009","Berlin","indirect migration background","2","","","","2"
"2 on Scale 1 to 10","2009","Brandenburg","no migration background","22","","","","2"
"2 on Scale 1 to 10","2009","Brandenburg","direct migration background","1","","","","2"
"2 on Scale 1 to 10","2009","Brandenburg","indirect migration background","","","","","2"
"2 on Scale 1 to 10","2009","Mecklenburg-Western Pomerania","no migration background","12","","","","2"
"2 on Scale 1 to 10","2009","Mecklenburg-Western Pomerania","direct migration background","","","","","2"
"2 on Scale 1 to 10","2009","Mecklenburg-Western Pomerania","indirect migration background","","","","","2"
"2 on Scale 1 to 10","2009","Saxony","no migration background","36","0.0261699233127052","0.0176096490603362","0.0347301975650742","2"
"2 on Scale 1 to 10","2009","Saxony","direct migration background","3","","","","2"
"2 on Scale 1 to 10","2009","Saxony","indirect migration background","","","","","2"
"2 on Scale 1 to 10","2009","Saxony-Anhalt","no migration background","27","","","","2"
"2 on Scale 1 to 10","2009","Saxony-Anhalt","direct migration background","1","","","","2"
"2 on Scale 1 to 10","2009","Saxony-Anhalt","indirect migration background","","","","","2"
"2 on Scale 1 to 10","2009","Thuringia","no migration background","24","","","","2"
"2 on Scale 1 to 10","2009","Thuringia","direct migration background","","","","","2"
"2 on Scale 1 to 10","2009","Thuringia","indirect migration background","1","","","","2"
"2 on Scale 1 to 10","2009","Hamburg","no migration background","8","","","","2"
"2 on Scale 1 to 10","2009","Hamburg","direct migration background","","","","","2"
"2 on Scale 1 to 10","2009","Hamburg","indirect migration background","","","","","2"
"2 on Scale 1 to 10","2009","Lower Saxony","no migration background","50","0.0349408543852959","0.0255473252060294","0.0443343835645623","2"
"2 on Scale 1 to 10","2009","Lower Saxony","direct migration background","2","","","","2"
"2 on Scale 1 to 10","2009","Lower Saxony","indirect migration background","","","","","2"
"2 on Scale 1 to 10","2009","Bremen","no migration background","5","","","","2"
"3 on Scale 1 to 10","2009","Schleswig-Holstein","no migration background","15","","","","3"
"3 on Scale 1 to 10","2009","Schleswig-Holstein","direct migration background","4","","","","3"
"3 on Scale 1 to 10","2009","Schleswig-Holstein","indirect migration background","","","","","3"
"3 on Scale 1 to 10","2009","Hamburg","no migration background","8","","","","3"
"3 on Scale 1 to 10","2009","Hamburg","direct migration background","","","","","3"
"3 on Scale 1 to 10","2009","Bremen","direct migration background","","","","","3"
"3 on Scale 1 to 10","2009","Bremen","indirect migration background","","","","","3"
"3 on Scale 1 to 10","2009","North Rhine-Westphalia","no migration background","158","0.0636055578810367","0.054863792632759","0.0723473231293145","3"
"3 on Scale 1 to 10","2009","North Rhine-Westphalia","direct migration background","23","","","","3"
"3 on Scale 1 to 10","2009","North Rhine-Westphalia","indirect migration background","6","","","","3"
"3 on Scale 1 to 10","2009","Hesse","no migration background","65","0.0658742907783644","0.0505225275625443","0.0812260539941845","3"
"3 on Scale 1 to 10","2009","Hesse","direct migration background","12","","","","3"
"3 on Scale 1 to 10","2009","Hesse","indirect migration background","1","","","","3"
"3 on Scale 1 to 10","2009","Rhineland-Palatinate,Saarland","no migration background","28","","","","3"
"3 on Scale 1 to 10","2009","Rhineland-Palatinate,Saarland","direct migration background","5","","","","3"
"3 on Scale 1 to 10","2009","Rhineland-Palatinate,Saarland","indirect migration background","2","","","","3"
"3 on Scale 1 to 10","2009","Baden-Württemberg","no migration background","76","0.0512531851909169","0.0404684144824484","0.0620379558993854","3"
"3 on Scale 1 to 10","2009","Baden-Württemberg","direct migration background","12","","","","3"
"3 on Scale 1 to 10","2009","Berlin","direct migration background","3","","","","3"
"3 on Scale 1 to 10","2009","Berlin","indirect migration background","","","","","3"
"3 on Scale 1 to 10","2009","Brandenburg","no migration background","60","0.0767413399413468","0.0579159550200106","0.095566724862683","3"
"3 on Scale 1 to 10","2009","Brandenburg","direct migration background","","","","","3"
"3 on Scale 1 to 10","2009","Brandenburg","indirect migration background","1","","","","3"
"3 on Scale 1 to 10","2009","Saxony","direct migration background","5","","","","3"
"3 on Scale 1 to 10","2009","Saxony","indirect migration background","1","","","","3"
"3 on Scale 1 to 10","2009","Saxony-Anhalt","no migration background","47","0.0583515562375394","0.0416090210250376","0.0750940914500413","3"
"3 on Scale 1 to 10","2009","Saxony-Anhalt","direct migration background","2","","","","3"
"3 on Scale 1 to 10","2009","Saxony-Anhalt","indirect migration background","","","","","3"
"3 on Scale 1 to 10","2009","Thuringia","no migration background","53","0.0701225875848987","0.0524718896530208","0.0877732855167765","3"
"3 on Scale 1 to 10","2009","Thuringia","direct migration background","1","","","","3"
"3 on Scale 1 to 10","2009","Thuringia","indirect migration background","","","","","3"
"3 on Scale 1 to 10","2009","Hamburg","indirect migration background","","","","","3"
"3 on Scale 1 to 10","2009","Lower Saxony","no migration background","82","0.0709481181033075","0.0578147690460121","0.084081467160603","3"
"3 on Scale 1 to 10","2009","Lower Saxony","direct migration background","8","","","","3"
"3 on Scale 1 to 10","2009","Lower Saxony","indirect migration background","2","","","","3"
"3 on Scale 1 to 10","2009","Bremen","no migration background","5","","","","3"
"3 on Scale 1 to 10","2009","Mecklenburg-Western Pomerania","no migration background","27","","","","3"
"3 on Scale 1 to 10","2009","Mecklenburg-Western Pomerania","direct migration background","1","","","","3"
"3 on Scale 1 to 10","2009","Mecklenburg-Western Pomerania","indirect migration background","","","","","3"
"3 on Scale 1 to 10","2009","Saxony","no migration background","79","0.0685942232319735","0.0550405161126961","0.0821479303512509","3"
"3 on Scale 1 to 10","2009","Baden-Württemberg","indirect migration background","7","","","","3"
"3 on Scale 1 to 10","2009","Bavaria","no migration background","144","0.0695129314745128","0.0589832523825573","0.0800426105664683","3"
"3 on Scale 1 to 10","2009","Bavaria","direct migration background","18","","","","3"
"3 on Scale 1 to 10","2009","Bavaria","indirect migration background","8","","","","3"
"3 on Scale 1 to 10","2009","Berlin","no migration background","53","0.0824749308868434","0.0606984447334351","0.104251417040252","3"
"4 on Scale 1 to 10","2009","Schleswig-Holstein","no migration background","30","0.0540124526158057","0.0333782691702281","0.0746466360613834","4"
"4 on Scale 1 to 10","2009","Schleswig-Holstein","direct migration background","1","","","","4"
"4 on Scale 1 to 10","2009","Schleswig-Holstein","indirect migration background","","","","","4"
"4 on Scale 1 to 10","2009","Hamburg","no migration background","16","","","","4"
"4 on Scale 1 to 10","2009","Hamburg","direct migration background","1","","","","4"
"4 on Scale 1 to 10","2009","Hamburg","indirect migration background","","","","","4"
"4 on Scale 1 to 10","2009","Lower Saxony","no migration background","87","0.0482154750597561","0.0372570634752761","0.0591738866442362","4"
"4 on Scale 1 to 10","2009","Lower Saxony","direct migration background","8","","","","4"
"4 on Scale 1 to 10","2009","Lower Saxony","indirect migration background","7","","","","4"
"4 on Scale 1 to 10","2009","Bremen","no migration background","8","","","","4"
"4 on Scale 1 to 10","2009","Bremen","direct migration background","1","","","","4"
"4 on Scale 1 to 10","2009","Bremen","indirect migration background","","","","","4"
"4 on Scale 1 to 10","2009","North Rhine-Westphalia","no migration background","169","0.0592043030142943","0.0507506096561879","0.0676579963724007","4"
"4 on Scale 1 to 10","2009","North Rhine-Westphalia","direct migration background","32","0.0729255200884605","0.0488213929105299","0.0970296472663911","4"
"4 on Scale 1 to 10","2009","North Rhine-Westphalia","indirect migration background","12","","","","4"
"4 on Scale 1 to 10","2009","Hesse","no migration background","53","0.0503326747109642","0.0368023450785442","0.0638630043433843","4"
"4 on Scale 1 to 10","2009","Hesse","direct migration background","12","","","","4"
"4 on Scale 1 to 10","2009","Hesse","indirect migration background","3","","","","4"
"4 on Scale 1 to 10","2009","Rhineland-Palatinate,Saarland","no migration background","53","0.071988940203897","0.0544890409784625","0.0894888394293316","4"
"4 on Scale 1 to 10","2009","Rhineland-Palatinate,Saarland","direct migration background","15","","","","4"
"4 on Scale 1 to 10","2009","Rhineland-Palatinate,Saarland","indirect migration background","4","","","","4"
"4 on Scale 1 to 10","2009","Baden-Württemberg","no migration background","104","0.0649461672748971","0.0528938545675112","0.0769984799822829","4"
"4 on Scale 1 to 10","2009","Baden-Württemberg","direct migration background","23","","","","4"
"4 on Scale 1 to 10","2009","Baden-Württemberg","indirect migration background","5","","","","4"
"4 on Scale 1 to 10","2009","Bavaria","no migration background","154","0.0678399223708208","0.0574283796982607","0.0782514650433809","4"
"4 on Scale 1 to 10","2009","Bavaria","direct migration background","28","","","","4"
"4 on Scale 1 to 10","2009","Bavaria","indirect migration background","4","","","","4"
"4 on Scale 1 to 10","2009","Berlin","no migration background","40","0.0800511867247839","0.0585687484416703","0.101533625007897","4"
"4 on Scale 1 to 10","2009","Berlin","direct migration background","4","","","","4"
"4 on Scale 1 to 10","2009","Berlin","indirect migration background","3","","","","4"
"4 on Scale 1 to 10","2009","Brandenburg","no migration background","62","0.0930015828442676","0.0724608508745667","0.113542314813968","4"
"4 on Scale 1 to 10","2009","Brandenburg","direct migration background","","","","","4"
"4 on Scale 1 to 10","2009","Brandenburg","indirect migration background","1","","","","4"
"4 on Scale 1 to 10","2009","Mecklenburg-Western Pomerania","no migration background","29","","","","4"
"4 on Scale 1 to 10","2009","Mecklenburg-Western Pomerania","direct migration background","2","","","","4"
"4 on Scale 1 to 10","2009","Mecklenburg-Western Pomerania","indirect migration background","","","","","4"
"4 on Scale 1 to 10","2009","Saxony","no migration background","94","0.0722125117249102","0.0583329630829826","0.0860920603668378","4"
"4 on Scale 1 to 10","2009","Saxony","direct migration background","1","","","","4"
"4 on Scale 1 to 10","2009","Saxony","indirect migration background","","","","","4"
"4 on Scale 1 to 10","2009","Saxony-Anhalt","no migration background","54","0.0655773024380535","0.047896618271124","0.0832579866049829","4"
"4 on Scale 1 to 10","2009","Saxony-Anhalt","direct migration background","","","","","4"
"4 on Scale 1 to 10","2009","Saxony-Anhalt","indirect migration background","1","","","","4"
"4 on Scale 1 to 10","2009","Thuringia","no migration background","67","0.0627367917289646","0.0459753255841013","0.0794982578738279","4"
"4 on Scale 1 to 10","2009","Thuringia","direct migration background","1","","","","4"
"4 on Scale 1 to 10","2009","Thuringia","indirect migration background","1","","","","4"
"5 on Scale 1 to 10","2009","Berlin","direct migration background","7","","","","5"
"5 on Scale 1 to 10","2009","Berlin","indirect migration background","2","","","","5"
"5 on Scale 1 to 10","2009","Brandenburg","no migration background","95","0.106364171170805","0.0845597055513405","0.128168636790269","5"
"5 on Scale 1 to 10","2009","Brandenburg","direct migration background","1","","","","5"
"5 on Scale 1 to 10","2009","Mecklenburg-Western Pomerania","no migration background","57","0.11438276682265","0.0855472000061745","0.143218333639126","5"
"5 on Scale 1 to 10","2009","Mecklenburg-Western Pomerania","direct migration background","1","","","","5"
"5 on Scale 1 to 10","2009","Mecklenburg-Western Pomerania","indirect migration background","","","","","5"
"5 on Scale 1 to 10","2009","Brandenburg","indirect migration background","2","","","","5"
"5 on Scale 1 to 10","2009","Schleswig-Holstein","no migration background","45","0.100364518422693","0.0729348208885374","0.127794215956848","5"
"5 on Scale 1 to 10","2009","Schleswig-Holstein","direct migration background","6","","","","5"
"5 on Scale 1 to 10","2009","Schleswig-Holstein","indirect migration background","2","","","","5"
"5 on Scale 1 to 10","2009","Hamburg","no migration background","12","","","","5"
"5 on Scale 1 to 10","2009","Hamburg","direct migration background","1","","","","5"
"5 on Scale 1 to 10","2009","Hamburg","indirect migration background","","","","","5"
"5 on Scale 1 to 10","2009","Lower Saxony","no migration background","185","0.128302305281771","0.11119485676151","0.145409753802033","5"
"5 on Scale 1 to 10","2009","Lower Saxony","direct migration background","16","","","","5"
"5 on Scale 1 to 10","2009","Lower Saxony","indirect migration background","3","","","","5"
"5 on Scale 1 to 10","2009","Bremen","no migration background","8","","","","5"
"5 on Scale 1 to 10","2009","Bremen","direct migration background","","","","","5"
"5 on Scale 1 to 10","2009","Bremen","indirect migration background","","","","","5"
"5 on Scale 1 to 10","2009","North Rhine-Westphalia","no migration background","344","0.134393113487522","0.122175931248064","0.14661029572698","5"
"5 on Scale 1 to 10","2009","North Rhine-Westphalia","direct migration background","52","0.122474874027966","0.0920836906989471","0.152866057356986","5"
"5 on Scale 1 to 10","2009","North Rhine-Westphalia","indirect migration background","23","","","","5"
"5 on Scale 1 to 10","2009","Hesse","no migration background","121","0.144010762545165","0.122282287298205","0.165739237792124","5"
"5 on Scale 1 to 10","2009","Hesse","direct migration background","14","","","","5"
"5 on Scale 1 to 10","2009","Hesse","indirect migration background","6","","","","5"
"5 on Scale 1 to 10","2009","Rhineland-Palatinate,Saarland","no migration background","106","0.123978832749992","0.101665874472281","0.146291791027704","5"
"5 on Scale 1 to 10","2009","Rhineland-Palatinate,Saarland","direct migration background","16","","","","5"
"5 on Scale 1 to 10","2009","Rhineland-Palatinate,Saarland","indirect migration background","10","","","","5"
"5 on Scale 1 to 10","2009","Baden-Württemberg","no migration background","151","0.104067216025861","0.0891334272916744","0.119001004760048","5"
"5 on Scale 1 to 10","2009","Baden-Württemberg","direct migration background","43","0.146569007951199","0.109621764818244","0.183516251084155","5"
"5 on Scale 1 to 10","2009","Baden-Württemberg","indirect migration background","19","","","","5"
"5 on Scale 1 to 10","2009","Bavaria","no migration background","248","0.118581340632851","0.105196091440629","0.131966589825072","5"
"5 on Scale 1 to 10","2009","Bavaria","direct migration background","29","","","","5"
"5 on Scale 1 to 10","2009","Bavaria","indirect migration background","11","","","","5"
"5 on Scale 1 to 10","2009","Berlin","no migration background","77","0.127146691063332","0.100774815596805","0.153518566529859","5"
"5 on Scale 1 to 10","2009","Saxony","no migration background","158","0.111087023929645","0.0942367816035551","0.127937266255735","5"
"5 on Scale 1 to 10","2009","Saxony","direct migration background","2","","","","5"
"5 on Scale 1 to 10","2009","Saxony","indirect migration background","2","","","","5"
"5 on Scale 1 to 10","2009","Saxony-Anhalt","no migration background","112","0.155912995161758","0.130001923985807","0.181824066337709","5"
"5 on Scale 1 to 10","2009","Saxony-Anhalt","direct migration background","2","","","","5"
"5 on Scale 1 to 10","2009","Saxony-Anhalt","indirect migration background","","","","","5"
"5 on Scale 1 to 10","2009","Thuringia","no migration background","89","0.122191262000648","0.0995531558715122","0.144829368129784","5"
"5 on Scale 1 to 10","2009","Thuringia","direct migration background","","","","","5"
"5 on Scale 1 to 10","2009","Thuringia","indirect migration background","","","","","5"
"6 on Scale 1 to 10","2009","Schleswig-Holstein","no migration background","35","0.0828398713258441","0.0576781748355649","0.108001567816123","6"
"6 on Scale 1 to 10","2009","Bremen","direct migration background","1","","","","6"
"6 on Scale 1 to 10","2009","Bremen","indirect migration background","","","","","6"
"6 on Scale 1 to 10","2009","North Rhine-Westphalia","no migration background","326","0.117026478088944","0.105512163237297","0.128540792940591","6"
"6 on Scale 1 to 10","2009","North Rhine-Westphalia","direct migration background","47","0.0927488447450166","0.0658575106212455","0.119640178868788","6"
"6 on Scale 1 to 10","2009","North Rhine-Westphalia","indirect migration background","16","","","","6"
"6 on Scale 1 to 10","2009","Hesse","no migration background","110","0.115743633439975","0.095944997126876","0.135542269753074","6"
"6 on Scale 1 to 10","2009","Hesse","direct migration background","13","","","","6"
"6 on Scale 1 to 10","2009","Hesse","indirect migration background","10","","","","6"
"6 on Scale 1 to 10","2009","Rhineland-Palatinate,Saarland","no migration background","97","0.110740477367985","0.0894936768890647","0.131987277846906","6"
"6 on Scale 1 to 10","2009","Schleswig-Holstein","direct migration background","8","","","","6"
"6 on Scale 1 to 10","2009","Schleswig-Holstein","indirect migration background","1","","","","6"
"6 on Scale 1 to 10","2009","Hamburg","no migration background","33","0.122417780314951","0.081788021454235","0.163047539175667","6"
"6 on Scale 1 to 10","2009","Hamburg","direct migration background","","","","","6"
"6 on Scale 1 to 10","2009","Hamburg","indirect migration background","2","","","","6"
"6 on Scale 1 to 10","2009","Lower Saxony","no migration background","140","0.0984870554442471","0.0832444003275114","0.113729710560983","6"
"6 on Scale 1 to 10","2009","Lower Saxony","direct migration background","17","","","","6"
"6 on Scale 1 to 10","2009","Lower Saxony","indirect migration background","1","","","","6"
"6 on Scale 1 to 10","2009","Bremen","no migration background","6","","","","6"
"6 on Scale 1 to 10","2009","Mecklenburg-Western Pomerania","indirect migration background","","","","","6"
"6 on Scale 1 to 10","2009","Saxony","no migration background","134","0.126888429765212","0.109040380946302","0.144736478584121","6"
"6 on Scale 1 to 10","2009","Rhineland-Palatinate,Saarland","direct migration background","8","","","","6"
"6 on Scale 1 to 10","2009","Rhineland-Palatinate,Saarland","indirect migration background","4","","","","6"
"6 on Scale 1 to 10","2009","Baden-Württemberg","no migration background","149","0.097360237223909","0.0828617275473767","0.111858746900441","6"
"6 on Scale 1 to 10","2009","Baden-Württemberg","direct migration background","39","0.0924131100291306","0.062158771698345","0.122667448359916","6"
"6 on Scale 1 to 10","2009","Berlin","indirect migration background","1","","","","6"
"6 on Scale 1 to 10","2009","Brandenburg","no migration background","94","0.103886545059939","0.0823076783856272","0.125465411734251","6"
"6 on Scale 1 to 10","2009","Saxony","direct migration background","3","","","","6"
"6 on Scale 1 to 10","2009","Saxony","indirect migration background","2","","","","6"
"6 on Scale 1 to 10","2009","Saxony-Anhalt","no migration background","79","0.117968917087765","0.0949292423151031","0.141008591860428","6"
"6 on Scale 1 to 10","2009","Saxony-Anhalt","direct migration background","","","","","6"
"6 on Scale 1 to 10","2009","Baden-Württemberg","indirect migration background","9","","","","6"
"6 on Scale 1 to 10","2009","Bavaria","no migration background","195","0.0801840940368167","0.0689400708174878","0.0914281172561455","6"
"6 on Scale 1 to 10","2009","Bavaria","direct migration background","20","","","","6"
"6 on Scale 1 to 10","2009","Bavaria","indirect migration background","6","","","","6"
"6 on Scale 1 to 10","2009","Berlin","no migration background","72","0.137344437188667","0.110095968274462","0.164592906102872","6"
"6 on Scale 1 to 10","2009","Berlin","direct migration background","6","","","","6"
"6 on Scale 1 to 10","2009","Brandenburg","direct migration background","1","","","","6"
"6 on Scale 1 to 10","2009","Brandenburg","indirect migration background","1","","","","6"
"6 on Scale 1 to 10","2009","Mecklenburg-Western Pomerania","no migration background","60","0.121407854750956","0.0918180421097738","0.150997667392138","6"
"6 on Scale 1 to 10","2009","Mecklenburg-Western Pomerania","direct migration background","","","","","6"
"6 on Scale 1 to 10","2009","Saxony-Anhalt","indirect migration background","","","","","6"
"6 on Scale 1 to 10","2009","Thuringia","no migration background","98","0.126592885844655","0.103608490703871","0.149577280985439","6"
"6 on Scale 1 to 10","2009","Thuringia","direct migration background","4","","","","6"
"6 on Scale 1 to 10","2009","Thuringia","indirect migration background","1","","","","6"
"7 on Scale 1 to 10","2009","Saxony-Anhalt","indirect migration background","4","","","","7"
"7 on Scale 1 to 10","2009","Thuringia","no migration background","127","0.14743106695092","0.122924677975732","0.171937455926109","7"
"7 on Scale 1 to 10","2009","Saxony","direct migration background","2","","","","7"
"7 on Scale 1 to 10","2009","Saxony","indirect migration background","","","","","7"
"7 on Scale 1 to 10","2009","Saxony-Anhalt","no migration background","127","0.153729201133075","0.127966970383181","0.17949143188297","7"
"7 on Scale 1 to 10","2009","Thuringia","direct migration background","2","","","","7"
"7 on Scale 1 to 10","2009","Thuringia","indirect migration background","","","","","7"
"7 on Scale 1 to 10","2009","Saxony-Anhalt","direct migration background","1","","","","7"
"7 on Scale 1 to 10","2009","Schleswig-Holstein","no migration background","65","0.141604059289756","0.109778260880452","0.17342985769906","7"
"7 on Scale 1 to 10","2009","Schleswig-Holstein","direct migration background","9","","","","7"
"7 on Scale 1 to 10","2009","Berlin","direct migration background","10","","","","7"
"7 on Scale 1 to 10","2009","Berlin","indirect migration background","5","","","","7"
"7 on Scale 1 to 10","2009","Brandenburg","no migration background","135","0.175380947028682","0.148485091148889","0.202276802908474","7"
"7 on Scale 1 to 10","2009","Brandenburg","direct migration background","3","","","","7"
"7 on Scale 1 to 10","2009","Brandenburg","indirect migration background","3","","","","7"
"7 on Scale 1 to 10","2009","Mecklenburg-Western Pomerania","no migration background","76","0.165881453102031","0.13218082703171","0.199582079172353","7"
"7 on Scale 1 to 10","2009","Mecklenburg-Western Pomerania","direct migration background","1","","","","7"
"7 on Scale 1 to 10","2009","Mecklenburg-Western Pomerania","indirect migration background","1","","","","7"
"7 on Scale 1 to 10","2009","Saxony","no migration background","234","0.148727876011759","0.129648012840267","0.167807739183252","7"
"7 on Scale 1 to 10","2009","Schleswig-Holstein","indirect migration background","","","","","7"
"7 on Scale 1 to 10","2009","Hamburg","no migration background","44","0.170629497187088","0.123997991909125","0.217261002465051","7"
"7 on Scale 1 to 10","2009","Hamburg","direct migration background","4","","","","7"
"7 on Scale 1 to 10","2009","Hamburg","indirect migration background","1","","","","7"
"7 on Scale 1 to 10","2009","Lower Saxony","no migration background","244","0.167101677937434","0.148017587663889","0.18618576821098","7"
"7 on Scale 1 to 10","2009","Lower Saxony","direct migration background","15","","","","7"
"7 on Scale 1 to 10","2009","Lower Saxony","indirect migration background","8","","","","7"
"7 on Scale 1 to 10","2009","Bremen","no migration background","17","","","","7"
"7 on Scale 1 to 10","2009","Bremen","direct migration background","","","","","7"
"7 on Scale 1 to 10","2009","Bremen","indirect migration background","","","","","7"
"7 on Scale 1 to 10","2009","North Rhine-Westphalia","no migration background","452","0.140370833084491","0.127928088023079","0.152813578145902","7"
"7 on Scale 1 to 10","2009","North Rhine-Westphalia","direct migration background","78","0.14677562591577","0.113969652644196","0.179581599187344","7"
"7 on Scale 1 to 10","2009","North Rhine-Westphalia","indirect migration background","29","","","","7"
"7 on Scale 1 to 10","2009","Hesse","no migration background","150","0.12763162216728","0.106981305000652","0.148281939333909","7"
"7 on Scale 1 to 10","2009","Hesse","direct migration background","28","","","","7"
"7 on Scale 1 to 10","2009","Hesse","indirect migration background","6","","","","7"
"7 on Scale 1 to 10","2009","Rhineland-Palatinate,Saarland","no migration background","112","0.118899649664273","0.096985276323972","0.140814023004573","7"
"7 on Scale 1 to 10","2009","Rhineland-Palatinate,Saarland","direct migration background","19","","","","7"
"7 on Scale 1 to 10","2009","Rhineland-Palatinate,Saarland","indirect migration background","5","","","","7"
"7 on Scale 1 to 10","2009","Baden-Württemberg","no migration background","325","0.188304831449286","0.169184186702432","0.207425476196141","7"
"7 on Scale 1 to 10","2009","Baden-Württemberg","direct migration background","57","0.124662527687275","0.0901535190016014","0.159171536372948","7"
"7 on Scale 1 to 10","2009","Baden-Württemberg","indirect migration background","23","","","","7"
"7 on Scale 1 to 10","2009","Bavaria","no migration background","322","0.137708333108933","0.123441277039406","0.151975389178461","7"
"7 on Scale 1 to 10","2009","Bavaria","direct migration background","39","0.162334141751039","0.117511055202934","0.207157228299145","7"
"7 on Scale 1 to 10","2009","Bavaria","indirect migration background","25","","","","7"
"7 on Scale 1 to 10","2009","Berlin","no migration background","86","0.115750658730561","0.0904246377766125","0.14107667968451","7"
"8 on Scale 1 to 10","2009","Hamburg","no migration background","57","0.21776521092412","0.166603989977578","0.268926431870661","8"
"8 on Scale 1 to 10","2009","Schleswig-Holstein","direct migration background","9","","","","8"
"8 on Scale 1 to 10","2009","Berlin","direct migration background","6","","","","8"
"8 on Scale 1 to 10","2009","Schleswig-Holstein","no migration background","109","0.287033874899064","0.245738762434749","0.32832898736338","8"
"8 on Scale 1 to 10","2009","Schleswig-Holstein","indirect migration background","1","","","","8"
"8 on Scale 1 to 10","2009","Berlin","indirect migration background","6","","","","8"
"8 on Scale 1 to 10","2009","Brandenburg","no migration background","157","0.218889648951647","0.189645681634131","0.248133616269162","8"
"8 on Scale 1 to 10","2009","Brandenburg","direct migration background","5","","","","8"
"8 on Scale 1 to 10","2009","Hamburg","direct migration background","4","","","","8"
"8 on Scale 1 to 10","2009","Hamburg","indirect migration background","3","","","","8"
"8 on Scale 1 to 10","2009","Lower Saxony","no migration background","320","0.220782265419163","0.19956465016165","0.241999880676676","8"
"8 on Scale 1 to 10","2009","Lower Saxony","direct migration background","26","","","","8"
"8 on Scale 1 to 10","2009","Lower Saxony","indirect migration background","7","","","","8"
"8 on Scale 1 to 10","2009","Bremen","no migration background","31","0.173063779347718","0.103313176022273","0.242814382673164","8"
"8 on Scale 1 to 10","2009","Bremen","direct migration background","2","","","","8"
"8 on Scale 1 to 10","2009","Bremen","indirect migration background","2","","","","8"
"8 on Scale 1 to 10","2009","North Rhine-Westphalia","no migration background","674","0.206997352238262","0.192484863127993","0.221509841348531","8"
"8 on Scale 1 to 10","2009","North Rhine-Westphalia","direct migration background","112","0.259626492350552","0.218982695915033","0.30027028878607","8"
"8 on Scale 1 to 10","2009","North Rhine-Westphalia","indirect migration background","45","0.248919469016962","0.18854022609839","0.309298711935534","8"
"8 on Scale 1 to 10","2009","Hesse","no migration background","218","0.199938855950761","0.175186997353295","0.224690714548227","8"
"8 on Scale 1 to 10","2009","Hesse","direct migration background","33","0.132652549070259","0.0802575899112105","0.185047508229307","8"
"8 on Scale 1 to 10","2009","Hesse","indirect migration background","16","","","","8"
"8 on Scale 1 to 10","2009","Rhineland-Palatinate,Saarland","no migration background","170","0.200154190792215","0.173064031271201","0.22724435031323","8"
"8 on Scale 1 to 10","2009","Rhineland-Palatinate,Saarland","direct migration background","28","","","","8"
"8 on Scale 1 to 10","2009","Rhineland-Palatinate,Saarland","indirect migration background","10","","","","8"
"8 on Scale 1 to 10","2009","Baden-Württemberg","no migration background","361","0.214991681876028","0.194899676834054","0.235083686918001","8"
"8 on Scale 1 to 10","2009","Baden-Württemberg","direct migration background","75","0.183967134901606","0.143490844174731","0.224443425628482","8"
"8 on Scale 1 to 10","2009","Baden-Württemberg","indirect migration background","34","0.167465047795961","0.108682884005688","0.226247211586234","8"
"8 on Scale 1 to 10","2009","Bavaria","no migration background","507","0.223052424230347","0.205816820735867","0.240288027724828","8"
"8 on Scale 1 to 10","2009","Bavaria","direct migration background","42","0.140860223858116","0.0985751087351992","0.183145338981032","8"
"8 on Scale 1 to 10","2009","Bavaria","indirect migration background","27","","","","8"
"8 on Scale 1 to 10","2009","Berlin","no migration background","126","0.21156819587971","0.179236751076709","0.243899640682711","8"
"8 on Scale 1 to 10","2009","Mecklenburg-Western Pomerania","indirect migration background","","","","","8"
"8 on Scale 1 to 10","2009","Saxony","no migration background","274","0.203831600212695","0.182230141116042","0.225433059309347","8"
"8 on Scale 1 to 10","2009","Saxony","direct migration background","3","","","","8"
"8 on Scale 1 to 10","2009","Saxony","indirect migration background","","","","","8"
"8 on Scale 1 to 10","2009","Saxony-Anhalt","no migration background","151","0.225183060525476","0.195348611960726","0.255017509090225","8"
"8 on Scale 1 to 10","2009","Saxony-Anhalt","direct migration background","3","","","","8"
"8 on Scale 1 to 10","2009","Saxony-Anhalt","indirect migration background","1","","","","8"
"8 on Scale 1 to 10","2009","Thuringia","no migration background","173","0.215505908779414","0.187084572304614","0.243927245254214","8"
"8 on Scale 1 to 10","2009","Thuringia","direct migration background","3","","","","8"
"8 on Scale 1 to 10","2009","Thuringia","indirect migration background","4","","","","8"
"8 on Scale 1 to 10","2009","Mecklenburg-Western Pomerania","direct migration background","","","","","8"
"8 on Scale 1 to 10","2009","Brandenburg","indirect migration background","2","","","","8"
"8 on Scale 1 to 10","2009","Mecklenburg-Western Pomerania","no migration background","97","0.198533779047899","0.162394042634374","0.234673515461423","8"
"9 on Scale 1 to 10","2009","Bremen","direct migration background","","","","","9"
"9 on Scale 1 to 10","2009","Bremen","indirect migration background","","","","","9"
"9 on Scale 1 to 10","2009","Saxony","direct migration background","2","","","","9"
"9 on Scale 1 to 10","2009","Saxony","indirect migration background","2","","","","9"
"9 on Scale 1 to 10","2009","Saxony-Anhalt","no migration background","97","0.107649522166046","0.0855122356317569","0.129786808700335","9"
"9 on Scale 1 to 10","2009","Saxony-Anhalt","direct migration background","2","","","","9"
"9 on Scale 1 to 10","2009","Saxony-Anhalt","indirect migration background","","","","","9"
"9 on Scale 1 to 10","2009","North Rhine-Westphalia","no migration background","432","0.140284865688846","0.127845309406412","0.152724421971281","9"
"9 on Scale 1 to 10","2009","North Rhine-Westphalia","direct migration background","44","0.101365713820041","0.0733867669733362","0.129344660666745","9"
"9 on Scale 1 to 10","2009","North Rhine-Westphalia","indirect migration background","32","0.131095519771171","0.083965793097022","0.178225246445319","9"
"9 on Scale 1 to 10","2009","Schleswig-Holstein","no migration background","78","0.124793092338751","0.0946249707369491","0.154961213940553","9"
"9 on Scale 1 to 10","2009","Schleswig-Holstein","direct migration background","3","","","","9"
"9 on Scale 1 to 10","2009","Schleswig-Holstein","indirect migration background","2","","","","9"
"9 on Scale 1 to 10","2009","Hamburg","no migration background","41","0.169006900773571","0.122552269825974","0.215461531721168","9"
"9 on Scale 1 to 10","2009","Hamburg","direct migration background","1","","","","9"
"9 on Scale 1 to 10","2009","Hamburg","indirect migration background","1","","","","9"
"9 on Scale 1 to 10","2009","Lower Saxony","no migration background","178","0.111805965696834","0.0956857266491497","0.127926204744519","9"
"9 on Scale 1 to 10","2009","Lower Saxony","direct migration background","25","","","","9"
"9 on Scale 1 to 10","2009","Lower Saxony","indirect migration background","11","","","","9"
"9 on Scale 1 to 10","2009","Bremen","no migration background","17","","","","9"
"9 on Scale 1 to 10","2009","Berlin","direct migration background","6","","","","9"
"9 on Scale 1 to 10","2009","Berlin","indirect migration background","1","","","","9"
"9 on Scale 1 to 10","2009","Brandenburg","no migration background","77","0.0958770226496126","0.0750542525684912","0.116699792730734","9"
"9 on Scale 1 to 10","2009","Brandenburg","direct migration background","","","","","9"
"9 on Scale 1 to 10","2009","Brandenburg","indirect migration background","2","","","","9"
"9 on Scale 1 to 10","2009","Mecklenburg-Western Pomerania","no migration background","66","0.132229884664723","0.101540207578108","0.162919561751339","9"
"9 on Scale 1 to 10","2009","Mecklenburg-Western Pomerania","direct migration background","","","","","9"
"9 on Scale 1 to 10","2009","Mecklenburg-Western Pomerania","indirect migration background","","","","","9"
"9 on Scale 1 to 10","2009","Saxony","no migration background","171","0.122885505210898","0.105281019771859","0.140489990649938","9"
"9 on Scale 1 to 10","2009","Hesse","no migration background","133","0.145859387393311","0.124015521419831","0.167703253366791","9"
"9 on Scale 1 to 10","2009","Hesse","direct migration background","23","","","","9"
"9 on Scale 1 to 10","2009","Hesse","indirect migration background","9","","","","9"
"9 on Scale 1 to 10","2009","Rhineland-Palatinate,Saarland","no migration background","127","0.164498715988832","0.139398301177681","0.189599130799982","9"
"9 on Scale 1 to 10","2009","Rhineland-Palatinate,Saarland","direct migration background","23","","","","9"
"9 on Scale 1 to 10","2009","Rhineland-Palatinate,Saarland","indirect migration background","7","","","","9"
"9 on Scale 1 to 10","2009","Baden-Württemberg","no migration background","232","0.147095364303246","0.129772286693418","0.164418441913075","9"
"9 on Scale 1 to 10","2009","Baden-Württemberg","direct migration background","52","0.16647267824062","0.127558473231499","0.205386883249742","9"
"9 on Scale 1 to 10","2009","Baden-Württemberg","indirect migration background","37","0.214269332767929","0.149674303018171","0.278864362517687","9"
"9 on Scale 1 to 10","2009","Bavaria","no migration background","317","0.142642631828323","0.128163824910162","0.157121438746483","9"
"9 on Scale 1 to 10","2009","Bavaria","direct migration background","37","0.157898037387091","0.113574733780768","0.202221340993414","9"
"9 on Scale 1 to 10","2009","Bavaria","indirect migration background","14","","","","9"
"9 on Scale 1 to 10","2009","Berlin","no migration background","74","0.113270880927926","0.0881825090771246","0.138359252778726","9"
"9 on Scale 1 to 10","2009","Thuringia","no migration background","100","0.118432418133182","0.0960975614178095","0.140767274848555","9"
"9 on Scale 1 to 10","2009","Thuringia","direct migration background","","","","","9"
"9 on Scale 1 to 10","2009","Thuringia","indirect migration background","","","","","9"
"0 Completely dissatisfied","2010","Schleswig-Holstein","no migration background","2","","","","0"
"0 Completely dissatisfied","2010","Schleswig-Holstein","direct migration background","2","","","","0"
"0 Completely dissatisfied","2010","Schleswig-Holstein","indirect migration background","1","","","","0"
"0 Completely dissatisfied","2010","Hamburg","no migration background","1","","","","0"
"0 Completely dissatisfied","2010","Hamburg","direct migration background","","","","","0"
"0 Completely dissatisfied","2010","Hamburg","indirect migration background","","","","","0"
"0 Completely dissatisfied","2010","Lower Saxony","no migration background","16","","","","0"
"0 Completely dissatisfied","2010","Lower Saxony","direct migration background","2","","","","0"
"0 Completely dissatisfied","2010","Lower Saxony","indirect migration background","3","","","","0"
"0 Completely dissatisfied","2010","Bremen","no migration background","8","","","","0"
"0 Completely dissatisfied","2010","Bremen","direct migration background","","","","","0"
"0 Completely dissatisfied","2010","Bremen","indirect migration background","","","","","0"
"0 Completely dissatisfied","2010","North Rhine-Westphalia","no migration background","31","0.00655389957690718","0.00397988110620654","0.00912791804760783","0"
"0 Completely dissatisfied","2010","North Rhine-Westphalia","direct migration background","11","","","","0"
"0 Completely dissatisfied","2010","North Rhine-Westphalia","indirect migration background","2","","","","0"
"0 Completely dissatisfied","2010","Hesse","no migration background","8","","","","0"
"0 Completely dissatisfied","2010","Hesse","direct migration background","1","","","","0"
"0 Completely dissatisfied","2010","Hesse","indirect migration background","1","","","","0"
"0 Completely dissatisfied","2010","Rhineland-Palatinate,Saarland","no migration background","7","","","","0"
"0 Completely dissatisfied","2010","Rhineland-Palatinate,Saarland","direct migration background","2","","","","0"
"0 Completely dissatisfied","2010","Rhineland-Palatinate,Saarland","indirect migration background","","","","","0"
"0 Completely dissatisfied","2010","Baden-Württemberg","no migration background","11","","","","0"
"0 Completely dissatisfied","2010","Baden-Württemberg","direct migration background","3","","","","0"
"0 Completely dissatisfied","2010","Baden-Württemberg","indirect migration background","","","","","0"
"0 Completely dissatisfied","2010","Bavaria","no migration background","17","","","","0"
"0 Completely dissatisfied","2010","Bavaria","direct migration background","5","","","","0"
"0 Completely dissatisfied","2010","Bavaria","indirect migration background","1","","","","0"
"0 Completely dissatisfied","2010","Mecklenburg-Western Pomerania","indirect migration background","","","","","0"
"0 Completely dissatisfied","2010","Berlin","no migration background","9","","","","0"
"0 Completely dissatisfied","2010","Saxony","no migration background","12","","","","0"
"0 Completely dissatisfied","2010","Saxony","direct migration background","","","","","0"
"0 Completely dissatisfied","2010","Saxony","indirect migration background","","","","","0"
"0 Completely dissatisfied","2010","Saxony-Anhalt","no migration background","9","","","","0"
"0 Completely dissatisfied","2010","Berlin","direct migration background","2","","","","0"
"0 Completely dissatisfied","2010","Berlin","indirect migration background","","","","","0"
"0 Completely dissatisfied","2010","Brandenburg","no migration background","12","","","","0"
"0 Completely dissatisfied","2010","Brandenburg","direct migration background","","","","","0"
"0 Completely dissatisfied","2010","Brandenburg","indirect migration background","","","","","0"
"0 Completely dissatisfied","2010","Mecklenburg-Western Pomerania","no migration background","6","","","","0"
"0 Completely dissatisfied","2010","Mecklenburg-Western Pomerania","direct migration background","","","","","0"
"0 Completely dissatisfied","2010","Saxony-Anhalt","direct migration background","","","","","0"
"0 Completely dissatisfied","2010","Saxony-Anhalt","indirect migration background","","","","","0"
"0 Completely dissatisfied","2010","Thuringia","no migration background","8","","","","0"
"0 Completely dissatisfied","2010","Thuringia","direct migration background","","","","","0"
"0 Completely dissatisfied","2010","Thuringia","indirect migration background","","","","","0"
"1 on Scale 1 to 10","2010","Schleswig-Holstein","no migration background","7","","","","1"
"1 on Scale 1 to 10","2010","Schleswig-Holstein","direct migration background","1","","","","1"
"1 on Scale 1 to 10","2010","Schleswig-Holstein","indirect migration background","1","","","","1"
"1 on Scale 1 to 10","2010","Hamburg","no migration background","2","","","","1"
"1 on Scale 1 to 10","2010","Hamburg","direct migration background","2","","","","1"
"1 on Scale 1 to 10","2010","Hamburg","indirect migration background","","","","","1"
"1 on Scale 1 to 10","2010","Lower Saxony","no migration background","15","","","","1"
"1 on Scale 1 to 10","2010","Lower Saxony","direct migration background","2","","","","1"
"1 on Scale 1 to 10","2010","Lower Saxony","indirect migration background","1","","","","1"
"1 on Scale 1 to 10","2010","Bremen","no migration background","","","","","1"
"1 on Scale 1 to 10","2010","Brandenburg","direct migration background","1","","","","1"
"1 on Scale 1 to 10","2010","Bremen","direct migration background","","","","","1"
"1 on Scale 1 to 10","2010","Bremen","indirect migration background","","","","","1"
"1 on Scale 1 to 10","2010","North Rhine-Westphalia","no migration background","36","0.0114740463333098","0.00807668334821365","0.0148714093184059","1"
"1 on Scale 1 to 10","2010","Rhineland-Palatinate,Saarland","direct migration background","2","","","","1"
"1 on Scale 1 to 10","2010","Rhineland-Palatinate,Saarland","indirect migration background","","","","","1"
"1 on Scale 1 to 10","2010","Baden-Württemberg","no migration background","14","","","","1"
"1 on Scale 1 to 10","2010","Baden-Württemberg","direct migration background","6","","","","1"
"1 on Scale 1 to 10","2010","Baden-Württemberg","indirect migration background","1","","","","1"
"1 on Scale 1 to 10","2010","Bavaria","no migration background","34","0.015384870327746","0.0109569855085573","0.0198127551469347","1"
"1 on Scale 1 to 10","2010","Berlin","no migration background","11","","","","1"
"1 on Scale 1 to 10","2010","Berlin","direct migration background","2","","","","1"
"1 on Scale 1 to 10","2010","Berlin","indirect migration background","1","","","","1"
"1 on Scale 1 to 10","2010","Brandenburg","no migration background","17","","","","1"
"1 on Scale 1 to 10","2010","Brandenburg","indirect migration background","","","","","1"
"1 on Scale 1 to 10","2010","Mecklenburg-Western Pomerania","no migration background","2","","","","1"
"1 on Scale 1 to 10","2010","Mecklenburg-Western Pomerania","direct migration background","","","","","1"
"1 on Scale 1 to 10","2010","Saxony","direct migration background","","","","","1"
"1 on Scale 1 to 10","2010","North Rhine-Westphalia","direct migration background","12","","","","1"
"1 on Scale 1 to 10","2010","North Rhine-Westphalia","indirect migration background","3","","","","1"
"1 on Scale 1 to 10","2010","Hesse","no migration background","10","","","","1"
"1 on Scale 1 to 10","2010","Hesse","direct migration background","2","","","","1"
"1 on Scale 1 to 10","2010","Hesse","indirect migration background","2","","","","1"
"1 on Scale 1 to 10","2010","Rhineland-Palatinate,Saarland","no migration background","10","","","","1"
"1 on Scale 1 to 10","2010","Mecklenburg-Western Pomerania","indirect migration background","","","","","1"
"1 on Scale 1 to 10","2010","Bavaria","direct migration background","8","","","","1"
"1 on Scale 1 to 10","2010","Bavaria","indirect migration background","3","","","","1"
"1 on Scale 1 to 10","2010","Saxony","indirect migration background","","","","","1"
"1 on Scale 1 to 10","2010","Saxony-Anhalt","no migration background","12","","","","1"
"1 on Scale 1 to 10","2010","Saxony-Anhalt","direct migration background","","","","","1"
"1 on Scale 1 to 10","2010","Saxony","no migration background","14","","","","1"
"1 on Scale 1 to 10","2010","Thuringia","no migration background","14","","","","1"
"1 on Scale 1 to 10","2010","Thuringia","indirect migration background","1","","","","1"
"1 on Scale 1 to 10","2010","Saxony-Anhalt","indirect migration background","","","","","1"
"1 on Scale 1 to 10","2010","Thuringia","direct migration background","","","","","1"
"10 Completely satisfied","2010","Schleswig-Holstein","no migration background","73","0.0908450364303127","0.0684393057885763","0.113250767072049","10"
"10 Completely satisfied","2010","Schleswig-Holstein","direct migration background","4","","","","10"
"10 Completely satisfied","2010","Schleswig-Holstein","indirect migration background","1","","","","10"
"10 Completely satisfied","2010","Hamburg","no migration background","34","0.0782727207998801","0.0489349851617593","0.107610456438001","10"
"10 Completely satisfied","2010","Hamburg","direct migration background","4","","","","10"
"10 Completely satisfied","2010","Hamburg","indirect migration background","1","","","","10"
"10 Completely satisfied","2010","Lower Saxony","no migration background","218","0.0939104481531579","0.0808009715578947","0.107019924748421","10"
"10 Completely satisfied","2010","Lower Saxony","direct migration background","34","0.0972304602246254","0.0584320705001745","0.136028849949076","10"
"10 Completely satisfied","2010","Lower Saxony","indirect migration background","12","","","","10"
"10 Completely satisfied","2010","Bremen","no migration background","26","","","","10"
"10 Completely satisfied","2010","Bremen","direct migration background","2","","","","10"
"10 Completely satisfied","2010","Bremen","indirect migration background","","","","","10"
"10 Completely satisfied","2010","North Rhine-Westphalia","no migration background","480","0.108616657856972","0.0986907534651993","0.118542562248746","10"
"10 Completely satisfied","2010","North Rhine-Westphalia","direct migration background","137","0.121603836040223","0.100010208418604","0.143197463661842","10"
"10 Completely satisfied","2010","North Rhine-Westphalia","indirect migration background","66","0.180219872971128","0.139423558185871","0.221016187756385","10"
"10 Completely satisfied","2010","Hesse","no migration background","129","0.0878561326894635","0.0723114776272965","0.103400787751631","10"
"10 Completely satisfied","2010","Hesse","direct migration background","51","0.141302817071546","0.102713121595768","0.179892512547323","10"
"10 Completely satisfied","2010","Hesse","indirect migration background","16","","","","10"
"10 Completely satisfied","2010","Rhineland-Palatinate,Saarland","no migration background","134","0.118373800597084","0.0990623944164839","0.137685206777684","10"
"10 Completely satisfied","2010","Rhineland-Palatinate,Saarland","direct migration background","34","0.128365901912438","0.0810519285930218","0.175679875231855","10"
"10 Completely satisfied","2010","Rhineland-Palatinate,Saarland","indirect migration background","15","","","","10"
"10 Completely satisfied","2010","Baden-Württemberg","no migration background","245","0.0935468978646995","0.0813286738665367","0.105765121862862","10"
"10 Completely satisfied","2010","Baden-Württemberg","direct migration background","57","0.112785655022932","0.084805600555213","0.14076570949065","10"
"10 Completely satisfied","2010","Baden-Württemberg","indirect migration background","26","","","","10"
"10 Completely satisfied","2010","Bavaria","no migration background","383","0.117729633005902","0.106134923182311","0.129324342829493","10"
"10 Completely satisfied","2010","Bavaria","direct migration background","69","0.119154110418162","0.0889174880021057","0.149390732834218","10"
"10 Completely satisfied","2010","Bavaria","indirect migration background","34","0.128435436285544","0.080482025516032","0.176388847055056","10"
"10 Completely satisfied","2010","Berlin","no migration background","75","0.0846758829669041","0.0650374531713854","0.104314312762423","10"
"10 Completely satisfied","2010","Berlin","direct migration background","11","","","","10"
"10 Completely satisfied","2010","Berlin","indirect migration background","5","","","","10"
"10 Completely satisfied","2010","Brandenburg","no migration background","105","0.113499397613847","0.0929688885053671","0.134029906722327","10"
"10 Completely satisfied","2010","Brandenburg","direct migration background","6","","","","10"
"10 Completely satisfied","2010","Brandenburg","indirect migration background","3","","","","10"
"10 Completely satisfied","2010","Mecklenburg-Western Pomerania","no migration background","70","0.108246080652001","0.0828734526039208","0.13361870870008","10"
"10 Completely satisfied","2010","Mecklenburg-Western Pomerania","direct migration background","","","","","10"
"10 Completely satisfied","2010","Mecklenburg-Western Pomerania","indirect migration background","1","","","","10"
"10 Completely satisfied","2010","Saxony","no migration background","158","0.0910179028597371","0.0770242882752627","0.105011517444212","10"
"10 Completely satisfied","2010","Saxony","direct migration background","6","","","","10"
"10 Completely satisfied","2010","Saxony","indirect migration background","5","","","","10"
"10 Completely satisfied","2010","Saxony-Anhalt","no migration background","82","0.0811398429471047","0.0631402058088855","0.099139480085324","10"
"10 Completely satisfied","2010","Saxony-Anhalt","direct migration background","2","","","","10"
"10 Completely satisfied","2010","Saxony-Anhalt","indirect migration background","1","","","","10"
"10 Completely satisfied","2010","Thuringia","no migration background","79","0.085709779002843","0.0676990484980136","0.103720509507672","10"
"10 Completely satisfied","2010","Thuringia","direct migration background","1","","","","10"
"10 Completely satisfied","2010","Thuringia","indirect migration background","1","","","","10"
"2 on Scale 1 to 10","2010","Schleswig-Holstein","no migration background","14","","","","2"
"2 on Scale 1 to 10","2010","Schleswig-Holstein","direct migration background","","","","","2"
"2 on Scale 1 to 10","2010","Schleswig-Holstein","indirect migration background","1","","","","2"
"2 on Scale 1 to 10","2010","Hamburg","no migration background","8","","","","2"
"2 on Scale 1 to 10","2010","Hamburg","direct migration background","","","","","2"
"2 on Scale 1 to 10","2010","Hamburg","indirect migration background","1","","","","2"
"2 on Scale 1 to 10","2010","Lower Saxony","no migration background","57","0.030304410605999","0.0226004604240078","0.0380083607879901","2"
"2 on Scale 1 to 10","2010","Lower Saxony","direct migration background","4","","","","2"
"2 on Scale 1 to 10","2010","Lower Saxony","indirect migration background","1","","","","2"
"2 on Scale 1 to 10","2010","Bremen","no migration background","4","","","","2"
"2 on Scale 1 to 10","2010","Bremen","direct migration background","1","","","","2"
"2 on Scale 1 to 10","2010","Bremen","indirect migration background","","","","","2"
"2 on Scale 1 to 10","2010","North Rhine-Westphalia","no migration background","117","0.0290515190060637","0.0236938962703204","0.0344091417418069","2"
"2 on Scale 1 to 10","2010","North Rhine-Westphalia","direct migration background","26","","","","2"
"2 on Scale 1 to 10","2010","North Rhine-Westphalia","indirect migration background","8","","","","2"
"2 on Scale 1 to 10","2010","Hesse","no migration background","40","0.0191299703578183","0.0116080928279455","0.026651847887691","2"
"2 on Scale 1 to 10","2010","Hesse","direct migration background","9","","","","2"
"2 on Scale 1 to 10","2010","Hesse","indirect migration background","2","","","","2"
"2 on Scale 1 to 10","2010","Rhineland-Palatinate,Saarland","no migration background","32","0.0505141149413974","0.0374224618267512","0.0636057680560436","2"
"2 on Scale 1 to 10","2010","Rhineland-Palatinate,Saarland","direct migration background","5","","","","2"
"2 on Scale 1 to 10","2010","Rhineland-Palatinate,Saarland","indirect migration background","2","","","","2"
"2 on Scale 1 to 10","2010","Baden-Württemberg","no migration background","44","0.0217890340124783","0.0156633305430186","0.027914737481938","2"
"2 on Scale 1 to 10","2010","Baden-Württemberg","direct migration background","14","","","","2"
"2 on Scale 1 to 10","2010","Baden-Württemberg","indirect migration background","8","","","","2"
"2 on Scale 1 to 10","2010","Bavaria","no migration background","90","0.0247073848770502","0.0191227214965853","0.0302920482575152","2"
"2 on Scale 1 to 10","2010","Bavaria","direct migration background","16","","","","2"
"2 on Scale 1 to 10","2010","Bavaria","indirect migration background","9","","","","2"
"2 on Scale 1 to 10","2010","Berlin","no migration background","29","","","","2"
"2 on Scale 1 to 10","2010","Berlin","direct migration background","7","","","","2"
"2 on Scale 1 to 10","2010","Berlin","indirect migration background","2","","","","2"
"2 on Scale 1 to 10","2010","Brandenburg","no migration background","38","0.0413349157236508","0.0284507765764722","0.0542190548708293","2"
"2 on Scale 1 to 10","2010","Brandenburg","direct migration background","1","","","","2"
"2 on Scale 1 to 10","2010","Brandenburg","indirect migration background","","","","","2"
"2 on Scale 1 to 10","2010","Mecklenburg-Western Pomerania","no migration background","19","","","","2"
"2 on Scale 1 to 10","2010","Mecklenburg-Western Pomerania","direct migration background","","","","","2"
"2 on Scale 1 to 10","2010","Mecklenburg-Western Pomerania","indirect migration background","","","","","2"
"2 on Scale 1 to 10","2010","Saxony","no migration background","47","0.0333627627781399","0.0246259788446538","0.042099546711626","2"
"2 on Scale 1 to 10","2010","Saxony","direct migration background","1","","","","2"
"2 on Scale 1 to 10","2010","Saxony","indirect migration background","1","","","","2"
"2 on Scale 1 to 10","2010","Saxony-Anhalt","no migration background","40","0.0430752429342213","0.029691588287345","0.0564588975810976","2"
"2 on Scale 1 to 10","2010","Saxony-Anhalt","direct migration background","1","","","","2"
"2 on Scale 1 to 10","2010","Saxony-Anhalt","indirect migration background","","","","","2"
"2 on Scale 1 to 10","2010","Thuringia","direct migration background","","","","","2"
"2 on Scale 1 to 10","2010","Thuringia","indirect migration background","","","","","2"
"2 on Scale 1 to 10","2010","Thuringia","no migration background","23","","","","2"
"3 on Scale 1 to 10","2010","Schleswig-Holstein","no migration background","42","0.0474718709298394","0.0308933175945036","0.0640504242651751","3"
"3 on Scale 1 to 10","2010","Schleswig-Holstein","direct migration background","4","","","","3"
"3 on Scale 1 to 10","2010","Schleswig-Holstein","indirect migration background","1","","","","3"
"3 on Scale 1 to 10","2010","Hamburg","no migration background","16","","","","3"
"3 on Scale 1 to 10","2010","Hamburg","direct migration background","2","","","","3"
"3 on Scale 1 to 10","2010","Hamburg","indirect migration background","","","","","3"
"3 on Scale 1 to 10","2010","Lower Saxony","no migration background","104","0.0787454983652748","0.0666410357295081","0.0908499610010415","3"
"3 on Scale 1 to 10","2010","Lower Saxony","direct migration background","19","","","","3"
"3 on Scale 1 to 10","2010","Lower Saxony","indirect migration background","2","","","","3"
"3 on Scale 1 to 10","2010","Bremen","no migration background","7","","","","3"
"3 on Scale 1 to 10","2010","Bremen","direct migration background","","","","","3"
"3 on Scale 1 to 10","2010","Bremen","indirect migration background","1","","","","3"
"3 on Scale 1 to 10","2010","North Rhine-Westphalia","no migration background","214","0.0678699355091932","0.0598463850319599","0.0758934859864266","3"
"3 on Scale 1 to 10","2010","North Rhine-Westphalia","direct migration background","37","0.0484362709819791","0.0342518685329673","0.062620673430991","3"
"3 on Scale 1 to 10","2010","North Rhine-Westphalia","indirect migration background","15","","","","3"
"3 on Scale 1 to 10","2010","Hesse","no migration background","76","0.0589894919131752","0.0460520640471011","0.0719269197792493","3"
"3 on Scale 1 to 10","2010","Hesse","direct migration background","12","","","","3"
"3 on Scale 1 to 10","2010","Hesse","indirect migration background","5","","","","3"
"3 on Scale 1 to 10","2010","Rhineland-Palatinate,Saarland","no migration background","54","0.0645542960306944","0.0498645013381417","0.0792440907232471","3"
"3 on Scale 1 to 10","2010","Rhineland-Palatinate,Saarland","direct migration background","7","","","","3"
"3 on Scale 1 to 10","2010","Rhineland-Palatinate,Saarland","indirect migration background","3","","","","3"
"3 on Scale 1 to 10","2010","Baden-Württemberg","no migration background","100","0.0508095167596939","0.0415950557279179","0.0600239777914698","3"
"3 on Scale 1 to 10","2010","Baden-Württemberg","direct migration background","31","0.0814229073363637","0.0572327633652745","0.105613051307453","3"
"3 on Scale 1 to 10","2010","Bavaria","direct migration background","28","","","","3"
"3 on Scale 1 to 10","2010","Berlin","no migration background","63","0.0679332083942221","0.0501829768997245","0.0856834398887198","3"
"3 on Scale 1 to 10","2010","Berlin","direct migration background","10","","","","3"
"3 on Scale 1 to 10","2010","Berlin","indirect migration background","2","","","","3"
"3 on Scale 1 to 10","2010","Brandenburg","no migration background","69","0.113085363073866","0.0925875497967598","0.133583176350972","3"
"3 on Scale 1 to 10","2010","Saxony","direct migration background","3","","","","3"
"3 on Scale 1 to 10","2010","Saxony","indirect migration background","2","","","","3"
"3 on Scale 1 to 10","2010","Saxony-Anhalt","no migration background","61","0.0870267096037577","0.0684453590660331","0.105608060141482","3"
"3 on Scale 1 to 10","2010","Saxony-Anhalt","direct migration background","1","","","","3"
"3 on Scale 1 to 10","2010","Mecklenburg-Western Pomerania","indirect migration background","","","","","3"
"3 on Scale 1 to 10","2010","Saxony","no migration background","89","0.0629554090561962","0.0511390008601401","0.0747718172522522","3"
"3 on Scale 1 to 10","2010","Bavaria","indirect migration background","11","","","","3"
"3 on Scale 1 to 10","2010","Saxony-Anhalt","indirect migration background","1","","","","3"
"3 on Scale 1 to 10","2010","Thuringia","no migration background","62","0.0637524457318859","0.0480337004586678","0.079471191005104","3"
"3 on Scale 1 to 10","2010","Thuringia","direct migration background","1","","","","3"
"3 on Scale 1 to 10","2010","Mecklenburg-Western Pomerania","no migration background","39","0.0676411306959419","0.0471326337720293","0.0881496276198545","3"
"3 on Scale 1 to 10","2010","Baden-Württemberg","indirect migration background","6","","","","3"
"3 on Scale 1 to 10","2010","Bavaria","no migration background","156","0.0474730103763628","0.0398227155212233","0.0551233052315022","3"
"3 on Scale 1 to 10","2010","Brandenburg","direct migration background","","","","","3"
"3 on Scale 1 to 10","2010","Brandenburg","indirect migration background","","","","","3"
"3 on Scale 1 to 10","2010","Mecklenburg-Western Pomerania","direct migration background","1","","","","3"
"3 on Scale 1 to 10","2010","Thuringia","indirect migration background","2","","","","3"
"4 on Scale 1 to 10","2010","Schleswig-Holstein","no migration background","49","0.10254381450426","0.0788927379523459","0.126194891056174","4"
"4 on Scale 1 to 10","2010","Schleswig-Holstein","direct migration background","4","","","","4"
"4 on Scale 1 to 10","2010","Schleswig-Holstein","indirect migration background","4","","","","4"
"4 on Scale 1 to 10","2010","Hamburg","no migration background","15","","","","4"
"4 on Scale 1 to 10","2010","Hamburg","direct migration background","4","","","","4"
"4 on Scale 1 to 10","2010","Hamburg","indirect migration background","2","","","","4"
"4 on Scale 1 to 10","2010","Berlin","no migration background","61","0.0514648002742368","0.0358792797031383","0.0670503208453353","4"
"4 on Scale 1 to 10","2010","Lower Saxony","no migration background","115","0.053887876000018","0.0437403617072508","0.0640353902927852","4"
"4 on Scale 1 to 10","2010","Lower Saxony","direct migration background","12","","","","4"
"4 on Scale 1 to 10","2010","Lower Saxony","indirect migration background","3","","","","4"
"4 on Scale 1 to 10","2010","Bremen","no migration background","13","","","","4"
"4 on Scale 1 to 10","2010","Bremen","direct migration background","","","","","4"
"4 on Scale 1 to 10","2010","Bremen","indirect migration background","","","","","4"
"4 on Scale 1 to 10","2010","North Rhine-Westphalia","no migration background","245","0.0698843490742537","0.0617514000292599","0.0780172981192475","4"
"4 on Scale 1 to 10","2010","North Rhine-Westphalia","direct migration background","54","0.0501693247019759","0.0357465447275415","0.0645921046764104","4"
"4 on Scale 1 to 10","2010","North Rhine-Westphalia","indirect migration background","23","","","","4"
"4 on Scale 1 to 10","2010","Hesse","no migration background","78","0.0580859149728732","0.0452417924417862","0.0709300375039603","4"
"4 on Scale 1 to 10","2010","Hesse","direct migration background","27","","","","4"
"4 on Scale 1 to 10","2010","Hesse","indirect migration background","9","","","","4"
"4 on Scale 1 to 10","2010","Rhineland-Palatinate,Saarland","no migration background","59","0.047716553617865","0.0349738520896214","0.0604592551461085","4"
"4 on Scale 1 to 10","2010","Rhineland-Palatinate,Saarland","direct migration background","10","","","","4"
"4 on Scale 1 to 10","2010","Rhineland-Palatinate,Saarland","indirect migration background","4","","","","4"
"4 on Scale 1 to 10","2010","Baden-Württemberg","no migration background","127","0.0680829106672571","0.0575140441476076","0.0786517771869066","4"
"4 on Scale 1 to 10","2010","Baden-Württemberg","direct migration background","25","","","","4"
"4 on Scale 1 to 10","2010","Baden-Württemberg","indirect migration background","18","","","","4"
"4 on Scale 1 to 10","2010","Bavaria","no migration background","178","0.0690357754948184","0.0599152525004254","0.0781562984892115","4"
"4 on Scale 1 to 10","2010","Bavaria","direct migration background","29","","","","4"
"4 on Scale 1 to 10","2010","Bavaria","indirect migration background","8","","","","4"
"4 on Scale 1 to 10","2010","Berlin","direct migration background","5","","","","4"
"4 on Scale 1 to 10","2010","Berlin","indirect migration background","5","","","","4"
"4 on Scale 1 to 10","2010","Brandenburg","no migration background","60","0.0735469916086471","0.0566520156706745","0.0904419675466197","4"
"4 on Scale 1 to 10","2010","Brandenburg","direct migration background","3","","","","4"
"4 on Scale 1 to 10","2010","Brandenburg","indirect migration background","1","","","","4"
"4 on Scale 1 to 10","2010","Mecklenburg-Western Pomerania","no migration background","25","","","","4"
"4 on Scale 1 to 10","2010","Mecklenburg-Western Pomerania","direct migration background","2","","","","4"
"4 on Scale 1 to 10","2010","Mecklenburg-Western Pomerania","indirect migration background","","","","","4"
"4 on Scale 1 to 10","2010","Saxony","no migration background","97","0.0653382531495877","0.0533156136479744","0.0773608926512011","4"
"4 on Scale 1 to 10","2010","Saxony","direct migration background","5","","","","4"
"4 on Scale 1 to 10","2010","Saxony","indirect migration background","3","","","","4"
"4 on Scale 1 to 10","2010","Saxony-Anhalt","no migration background","62","0.0693721439952465","0.0526226172395003","0.0861216707509926","4"
"4 on Scale 1 to 10","2010","Saxony-Anhalt","direct migration background","","","","","4"
"4 on Scale 1 to 10","2010","Saxony-Anhalt","indirect migration background","1","","","","4"
"4 on Scale 1 to 10","2010","Thuringia","no migration background","68","0.0772543728572443","0.0600762131362813","0.0944325325782074","4"
"4 on Scale 1 to 10","2010","Thuringia","direct migration background","1","","","","4"
"4 on Scale 1 to 10","2010","Thuringia","indirect migration background","1","","","","4"
"5 on Scale 1 to 10","2010","Lower Saxony","direct migration background","19","","","","5"
"5 on Scale 1 to 10","2010","Schleswig-Holstein","no migration background","65","0.0709580140530658","0.050940601099684","0.0909754270064475","5"
"5 on Scale 1 to 10","2010","Lower Saxony","no migration background","220","0.119427807753856","0.104853831813228","0.134001783694483","5"
"5 on Scale 1 to 10","2010","Hamburg","no migration background","38","0.155354751893488","0.115788984123862","0.194920519663115","5"
"5 on Scale 1 to 10","2010","Schleswig-Holstein","direct migration background","12","","","","5"
"5 on Scale 1 to 10","2010","Schleswig-Holstein","indirect migration background","4","","","","5"
"5 on Scale 1 to 10","2010","Hamburg","indirect migration background","2","","","","5"
"5 on Scale 1 to 10","2010","Hamburg","direct migration background","8","","","","5"
"5 on Scale 1 to 10","2010","Lower Saxony","indirect migration background","6","","","","5"
"5 on Scale 1 to 10","2010","Bremen","no migration background","12","","","","5"
"5 on Scale 1 to 10","2010","Bremen","direct migration background","5","","","","5"
"5 on Scale 1 to 10","2010","Bremen","indirect migration background","","","","","5"
"5 on Scale 1 to 10","2010","North Rhine-Westphalia","no migration background","401","0.115512033284819","0.105315578641797","0.125708487927842","5"
"5 on Scale 1 to 10","2010","North Rhine-Westphalia","direct migration background","90","0.0921920235792894","0.0730780744443854","0.111305972714193","5"
"5 on Scale 1 to 10","2010","North Rhine-Westphalia","indirect migration background","33","0.0959385571195586","0.0646801771140316","0.127196937125086","5"
"5 on Scale 1 to 10","2010","Hesse","no migration background","167","0.142739202879381","0.123530789546225","0.161947616212537","5"
"5 on Scale 1 to 10","2010","Hesse","direct migration background","46","0.107835426808894","0.0734733709089063","0.142197482708881","5"
"5 on Scale 1 to 10","2010","Hesse","indirect migration background","12","","","","5"
"5 on Scale 1 to 10","2010","Rhineland-Palatinate,Saarland","no migration background","138","0.126040012746759","0.106199912922965","0.145880112570552","5"
"5 on Scale 1 to 10","2010","Rhineland-Palatinate,Saarland","direct migration background","27","","","","5"
"5 on Scale 1 to 10","2010","Rhineland-Palatinate,Saarland","indirect migration background","11","","","","5"
"5 on Scale 1 to 10","2010","Baden-Württemberg","no migration background","235","0.117656846039488","0.104137736740161","0.131175955338815","5"
"5 on Scale 1 to 10","2010","Baden-Württemberg","direct migration background","48","0.0815291759865911","0.0573246515595634","0.105733700413619","5"
"5 on Scale 1 to 10","2010","Baden-Württemberg","indirect migration background","21","","","","5"
"5 on Scale 1 to 10","2010","Bavaria","no migration background","358","0.133508429589367","0.121272057985949","0.145744801192785","5"
"5 on Scale 1 to 10","2010","Bavaria","direct migration background","39","0.124333721050426","0.0935378441573787","0.155129597943473","5"
"5 on Scale 1 to 10","2010","Bavaria","indirect migration background","16","","","","5"
"5 on Scale 1 to 10","2010","Berlin","no migration background","108","0.157129679265545","0.131458315916583","0.182801042614507","5"
"5 on Scale 1 to 10","2010","Berlin","direct migration background","16","","","","5"
"5 on Scale 1 to 10","2010","Berlin","indirect migration background","6","","","","5"
"5 on Scale 1 to 10","2010","Brandenburg","no migration background","118","0.133795328185836","0.111761286910648","0.155829369461025","5"
"5 on Scale 1 to 10","2010","Brandenburg","direct migration background","1","","","","5"
"5 on Scale 1 to 10","2010","Brandenburg","indirect migration background","1","","","","5"
"5 on Scale 1 to 10","2010","Mecklenburg-Western Pomerania","no migration background","87","0.158036138541433","0.1282467369154","0.187825540167466","5"
"5 on Scale 1 to 10","2010","Mecklenburg-Western Pomerania","direct migration background","2","","","","5"
"5 on Scale 1 to 10","2010","Mecklenburg-Western Pomerania","indirect migration background","1","","","","5"
"5 on Scale 1 to 10","2010","Saxony","no migration background","204","0.122699106596039","0.106737234840375","0.138660978351702","5"
"5 on Scale 1 to 10","2010","Saxony","direct migration background","7","","","","5"
"5 on Scale 1 to 10","2010","Saxony","indirect migration background","4","","","","5"
"5 on Scale 1 to 10","2010","Saxony-Anhalt","no migration background","113","0.153867446571657","0.130081823415957","0.177653069727358","5"
"5 on Scale 1 to 10","2010","Saxony-Anhalt","direct migration background","3","","","","5"
"5 on Scale 1 to 10","2010","Saxony-Anhalt","indirect migration background","2","","","","5"
"5 on Scale 1 to 10","2010","Thuringia","no migration background","115","0.124064006765666","0.102854371967507","0.145273641563825","5"
"5 on Scale 1 to 10","2010","Thuringia","direct migration background","3","","","","5"
"5 on Scale 1 to 10","2010","Thuringia","indirect migration background","3","","","","5"
"6 on Scale 1 to 10","2010","Schleswig-Holstein","no migration background","63","0.133662748203884","0.107132687751714","0.160192808656054","6"
"6 on Scale 1 to 10","2010","Schleswig-Holstein","direct migration background","13","","","","6"
"6 on Scale 1 to 10","2010","Schleswig-Holstein","indirect migration background","3","","","","6"
"6 on Scale 1 to 10","2010","Hamburg","no migration background","32","0.109154190814752","0.0750944269219579","0.143213954707546","6"
"6 on Scale 1 to 10","2010","Hamburg","direct migration background","3","","","","6"
"6 on Scale 1 to 10","2010","Hamburg","indirect migration background","2","","","","6"
"6 on Scale 1 to 10","2010","Lower Saxony","no migration background","200","0.107485207790626","0.0935656673773645","0.121404748203887","6"
"6 on Scale 1 to 10","2010","Lower Saxony","direct migration background","17","","","","6"
"6 on Scale 1 to 10","2010","Lower Saxony","indirect migration background","4","","","","6"
"6 on Scale 1 to 10","2010","Bremen","no migration background","11","","","","6"
"6 on Scale 1 to 10","2010","Bremen","direct migration background","2","","","","6"
"6 on Scale 1 to 10","2010","Bremen","indirect migration background","","","","","6"
"6 on Scale 1 to 10","2010","North Rhine-Westphalia","no migration background","370","0.105427354347977","0.0956307837118261","0.115223924984127","6"
"6 on Scale 1 to 10","2010","North Rhine-Westphalia","direct migration background","84","0.0957030933548171","0.0762662710047819","0.115139915704852","6"
"6 on Scale 1 to 10","2010","North Rhine-Westphalia","indirect migration background","42","0.142808477141342","0.105673186331528","0.179943767951156","6"
"6 on Scale 1 to 10","2010","Hesse","no migration background","154","0.111310731329097","0.0940401537046547","0.128581308953539","6"
"6 on Scale 1 to 10","2010","Hesse","direct migration background","34","0.111568091062622","0.0766895751327365","0.146446606992507","6"
"6 on Scale 1 to 10","2010","Hesse","indirect migration background","5","","","","6"
"6 on Scale 1 to 10","2010","Rhineland-Palatinate,Saarland","no migration background","108","0.0922322929442136","0.074935215646147","0.10952937024228","6"
"6 on Scale 1 to 10","2010","Saxony-Anhalt","no migration background","94","0.115162403717102","0.0941193335802006","0.136205473854003","6"
"6 on Scale 1 to 10","2010","Bavaria","direct migration background","45","0.0686765005995816","0.0450726337678527","0.0922803674313104","6"
"6 on Scale 1 to 10","2010","Bavaria","indirect migration background","22","","","","6"
"6 on Scale 1 to 10","2010","Mecklenburg-Western Pomerania","indirect migration background","","","","","6"
"6 on Scale 1 to 10","2010","Saxony","no migration background","181","0.0988587014780359","0.0843378284249863","0.113379574531086","6"
"6 on Scale 1 to 10","2010","Saxony","direct migration background","3","","","","6"
"6 on Scale 1 to 10","2010","Saxony","indirect migration background","","","","","6"
"6 on Scale 1 to 10","2010","Saxony-Anhalt","direct migration background","2","","","","6"
"6 on Scale 1 to 10","2010","Saxony-Anhalt","indirect migration background","","","","","6"
"6 on Scale 1 to 10","2010","Rhineland-Palatinate,Saarland","direct migration background","13","","","","6"
"6 on Scale 1 to 10","2010","Baden-Württemberg","no migration background","241","0.130021594053531","0.115909784803365","0.144133403303697","6"
"6 on Scale 1 to 10","2010","Bavaria","no migration background","292","0.0972035648077647","0.0865461429580216","0.107860986657508","6"
"6 on Scale 1 to 10","2010","Berlin","no migration background","83","0.112840559862293","0.0905216542231035","0.135159465501483","6"
"6 on Scale 1 to 10","2010","Berlin","direct migration background","15","","","","6"
"6 on Scale 1 to 10","2010","Berlin","indirect migration background","6","","","","6"
"6 on Scale 1 to 10","2010","Brandenburg","direct migration background","3","","","","6"
"6 on Scale 1 to 10","2010","Brandenburg","indirect migration background","","","","","6"
"6 on Scale 1 to 10","2010","Mecklenburg-Western Pomerania","no migration background","53","0.086175405624837","0.063258290912682","0.109092520336992","6"
"6 on Scale 1 to 10","2010","Mecklenburg-Western Pomerania","direct migration background","2","","","","6"
"6 on Scale 1 to 10","2010","Baden-Württemberg","direct migration background","52","0.103767742199908","0.076793527229501","0.130741957170315","6"
"6 on Scale 1 to 10","2010","Baden-Württemberg","indirect migration background","15","","","","6"
"6 on Scale 1 to 10","2010","Thuringia","no migration background","97","0.0997488711672607","0.0804687421831246","0.119029000151397","6"
"6 on Scale 1 to 10","2010","Thuringia","direct migration background","1","","","","6"
"6 on Scale 1 to 10","2010","Thuringia","indirect migration background","1","","","","6"
"6 on Scale 1 to 10","2010","Rhineland-Palatinate,Saarland","indirect migration background","9","","","","6"
"6 on Scale 1 to 10","2010","Brandenburg","no migration background","104","0.106654711296569","0.0866762001121928","0.126633222480944","6"
"7 on Scale 1 to 10","2010","Schleswig-Holstein","no migration background","110","0.146864964907263","0.119268240064767","0.17446168974976","7"
"7 on Scale 1 to 10","2010","Mecklenburg-Western Pomerania","indirect migration background","2","","","","7"
"7 on Scale 1 to 10","2010","Saxony","no migration background","249","0.159709781395788","0.141887255975904","0.177532306815672","7"
"7 on Scale 1 to 10","2010","Saxony","direct migration background","2","","","","7"
"7 on Scale 1 to 10","2010","Saxony","indirect migration background","1","","","","7"
"7 on Scale 1 to 10","2010","Schleswig-Holstein","direct migration background","12","","","","7"
"7 on Scale 1 to 10","2010","Schleswig-Holstein","indirect migration background","3","","","","7"
"7 on Scale 1 to 10","2010","Hamburg","no migration background","47","0.12794074754288","0.0914571552112463","0.164424339874513","7"
"7 on Scale 1 to 10","2010","Hamburg","direct migration background","13","","","","7"
"7 on Scale 1 to 10","2010","Hamburg","indirect migration background","3","","","","7"
"7 on Scale 1 to 10","2010","Lower Saxony","no migration background","286","0.14002198142856","0.12442700870371","0.15561695415341","7"
"7 on Scale 1 to 10","2010","Lower Saxony","direct migration background","35","0.147890534956718","0.101402416775135","0.194378653138301","7"
"7 on Scale 1 to 10","2010","Lower Saxony","indirect migration background","12","","","","7"
"7 on Scale 1 to 10","2010","Bremen","no migration background","20","","","","7"
"7 on Scale 1 to 10","2010","Bremen","direct migration background","5","","","","7"
"7 on Scale 1 to 10","2010","Bremen","indirect migration background","2","","","","7"
"7 on Scale 1 to 10","2010","North Rhine-Westphalia","no migration background","565","0.142404998226113","0.131257090892565","0.153552905559661","7"
"7 on Scale 1 to 10","2010","North Rhine-Westphalia","direct migration background","146","0.172940882528699","0.147953321535657","0.19792844352174","7"
"7 on Scale 1 to 10","2010","North Rhine-Westphalia","indirect migration background","34","0.121727761971383","0.0870237009971163","0.15643182294565","7"
"7 on Scale 1 to 10","2010","Hesse","no migration background","205","0.148014192499317","0.128514343997485","0.167514041001149","7"
"7 on Scale 1 to 10","2010","Hesse","direct migration background","44","0.168335560801267","0.126884282957378","0.209786838645156","7"
"7 on Scale 1 to 10","2010","Hesse","indirect migration background","13","","","","7"
"7 on Scale 1 to 10","2010","Rhineland-Palatinate,Saarland","no migration background","154","0.141050050209918","0.120242813361978","0.161857287057858","7"
"7 on Scale 1 to 10","2010","Rhineland-Palatinate,Saarland","direct migration background","28","","","","7"
"7 on Scale 1 to 10","2010","Rhineland-Palatinate,Saarland","indirect migration background","16","","","","7"
"7 on Scale 1 to 10","2010","Baden-Württemberg","no migration background","393","0.152238868803617","0.137165155792852","0.167312581814382","7"
"7 on Scale 1 to 10","2010","Baden-Württemberg","direct migration background","69","0.160616318544185","0.128138829906295","0.193093807182075","7"
"7 on Scale 1 to 10","2010","Baden-Württemberg","indirect migration background","42","0.184028041149397","0.133168167332939","0.234887914965856","7"
"7 on Scale 1 to 10","2010","Bavaria","no migration background","439","0.134706937066815","0.122424268463074","0.146989605670555","7"
"7 on Scale 1 to 10","2010","Bavaria","direct migration background","57","0.125917191307516","0.094953865718553","0.156880516896478","7"
"7 on Scale 1 to 10","2010","Bavaria","indirect migration background","21","","","","7"
"7 on Scale 1 to 10","2010","Berlin","no migration background","103","0.116333829180975","0.0937167474635801","0.13895091089837","7"
"7 on Scale 1 to 10","2010","Berlin","direct migration background","8","","","","7"
"7 on Scale 1 to 10","2010","Berlin","indirect migration background","8","","","","7"
"7 on Scale 1 to 10","2010","Brandenburg","no migration background","121","0.107105375927138","0.0870897506299564","0.12712100122432","7"
"7 on Scale 1 to 10","2010","Brandenburg","direct migration background","4","","","","7"
"7 on Scale 1 to 10","2010","Brandenburg","indirect migration background","4","","","","7"
"7 on Scale 1 to 10","2010","Mecklenburg-Western Pomerania","no migration background","96","0.151416930622413","0.122143659857429","0.180690201387396","7"
"7 on Scale 1 to 10","2010","Mecklenburg-Western Pomerania","direct migration background","4","","","","7"
"7 on Scale 1 to 10","2010","Saxony-Anhalt","no migration background","134","0.140253663680727","0.117362691754764","0.163144635606689","7"
"7 on Scale 1 to 10","2010","Saxony-Anhalt","direct migration background","1","","","","7"
"7 on Scale 1 to 10","2010","Saxony-Anhalt","indirect migration background","2","","","","7"
"7 on Scale 1 to 10","2010","Thuringia","no migration background","159","0.1453565696705","0.122679657665127","0.168033481675874","7"
"7 on Scale 1 to 10","2010","Thuringia","direct migration background","5","","","","7"
"7 on Scale 1 to 10","2010","Thuringia","indirect migration background","3","","","","7"
"8 on Scale 1 to 10","2010","Hamburg","no migration background","81","0.235370099904785","0.18903379058417","0.2817064092254","8"
"8 on Scale 1 to 10","2010","Schleswig-Holstein","indirect migration background","3","","","","8"
"8 on Scale 1 to 10","2010","Schleswig-Holstein","no migration background","120","0.202421258399357","0.171095297822043","0.233747218976671","8"
"8 on Scale 1 to 10","2010","Schleswig-Holstein","direct migration background","19","","","","8"
"8 on Scale 1 to 10","2010","Hamburg","direct migration background","9","","","","8"
"8 on Scale 1 to 10","2010","Hamburg","indirect migration background","5","","","","8"
"8 on Scale 1 to 10","2010","Lower Saxony","no migration background","429","0.22558242765386","0.206798644443132","0.244366210864587","8"
"8 on Scale 1 to 10","2010","Lower Saxony","direct migration background","49","0.261232140482375","0.203702536719669","0.318761744245081","8"
"8 on Scale 1 to 10","2010","Lower Saxony","indirect migration background","16","","","","8"
"8 on Scale 1 to 10","2010","Bremen","no migration background","24","","","","8"
"8 on Scale 1 to 10","2010","Bremen","direct migration background","6","","","","8"
"8 on Scale 1 to 10","2010","Bremen","indirect migration background","","","","","8"
"8 on Scale 1 to 10","2010","North Rhine-Westphalia","no migration background","793","0.215549784769303","0.202432434877495","0.228667134661111","8"
"8 on Scale 1 to 10","2010","North Rhine-Westphalia","direct migration background","178","0.213768673624129","0.186682107070909","0.24085524017735","8"
"8 on Scale 1 to 10","2010","North Rhine-Westphalia","indirect migration background","72","0.155788708916755","0.117297241436118","0.194280176397391","8"
"8 on Scale 1 to 10","2010","Hesse","no migration background","269","0.222786840422572","0.199937260675471","0.245636420169672","8"
"8 on Scale 1 to 10","2010","Hesse","direct migration background","57","0.197786593489362","0.153658079261211","0.241915107717512","8"
"8 on Scale 1 to 10","2010","Hesse","indirect migration background","17","","","","8"
"8 on Scale 1 to 10","2010","Rhineland-Palatinate,Saarland","no migration background","234","0.224434575502893","0.199494488717671","0.249374662288114","8"
"8 on Scale 1 to 10","2010","Rhineland-Palatinate,Saarland","direct migration background","36","0.200292080199086","0.143681831383388","0.256902329014784","8"
"8 on Scale 1 to 10","2010","Rhineland-Palatinate,Saarland","indirect migration background","9","","","","8"
"8 on Scale 1 to 10","2010","Baden-Württemberg","no migration background","477","0.218516878383978","0.201177919646166","0.23585583712179","8"
"8 on Scale 1 to 10","2010","Baden-Württemberg","direct migration background","107","0.183127842114631","0.148917172023888","0.217338512205373","8"
"8 on Scale 1 to 10","2010","Baden-Württemberg","indirect migration background","47","0.276015423799107","0.217343950741282","0.334686896856933","8"
"8 on Scale 1 to 10","2010","Bavaria","no migration background","606","0.210242649555324","0.195583006645396","0.224902292465252","8"
"8 on Scale 1 to 10","2010","Bavaria","direct migration background","76","0.201031903451455","0.163627217943361","0.23843658895955","8"
"8 on Scale 1 to 10","2010","Bavaria","indirect migration background","40","0.227467013382875","0.167384925426816","0.287549101338933","8"
"8 on Scale 1 to 10","2010","Berlin","no migration background","142","0.199917757315049","0.171705850396817","0.228129664233282","8"
"8 on Scale 1 to 10","2010","Berlin","direct migration background","19","","","","8"
"8 on Scale 1 to 10","2010","Berlin","indirect migration background","10","","","","8"
"8 on Scale 1 to 10","2010","Brandenburg","no migration background","174","0.197958993145809","0.172169112748511","0.223748873543108","8"
"8 on Scale 1 to 10","2010","Brandenburg","direct migration background","7","","","","8"
"8 on Scale 1 to 10","2010","Mecklenburg-Western Pomerania","indirect migration background","1","","","","8"
"8 on Scale 1 to 10","2010","Saxony","no migration background","346","0.231849542983663","0.211318306760228","0.252380779207099","8"
"8 on Scale 1 to 10","2010","Saxony","direct migration background","5","","","","8"
"8 on Scale 1 to 10","2010","Saxony","indirect migration background","2","","","","8"
"8 on Scale 1 to 10","2010","Saxony-Anhalt","no migration background","186","0.187583764764844","0.161849670985208","0.213317858544479","8"
"8 on Scale 1 to 10","2010","Saxony-Anhalt","direct migration background","4","","","","8"
"8 on Scale 1 to 10","2010","Mecklenburg-Western Pomerania","direct migration background","1","","","","8"
"8 on Scale 1 to 10","2010","Thuringia","indirect migration background","1","","","","8"
"8 on Scale 1 to 10","2010","Brandenburg","indirect migration background","4","","","","8"
"8 on Scale 1 to 10","2010","Thuringia","no migration background","197","0.216579877156097","0.190077763281254","0.24308199103094","8"
"8 on Scale 1 to 10","2010","Thuringia","direct migration background","4","","","","8"
"8 on Scale 1 to 10","2010","Saxony-Anhalt","indirect migration background","","","","","8"
"8 on Scale 1 to 10","2010","Mecklenburg-Western Pomerania","no migration background","120","0.232656502993644","0.198150921087074","0.267162084900214","8"
"9 on Scale 1 to 10","2010","Schleswig-Holstein","no migration background","87","0.159457509314357","0.130915018084405","0.188000000544309","9"
"9 on Scale 1 to 10","2010","Schleswig-Holstein","direct migration background","7","","","","9"
"9 on Scale 1 to 10","2010","Schleswig-Holstein","indirect migration background","2","","","","9"
"9 on Scale 1 to 10","2010","Hamburg","no migration background","48","0.126068415133466","0.0898139068252342","0.162322923441698","9"
"9 on Scale 1 to 10","2010","Hamburg","direct migration background","5","","","","9"
"9 on Scale 1 to 10","2010","Hamburg","indirect migration background","1","","","","9"
"9 on Scale 1 to 10","2010","Lower Saxony","no migration background","242","0.133157066102472","0.117888609106649","0.148425523098295","9"
"9 on Scale 1 to 10","2010","Lower Saxony","direct migration background","31","0.112389725716668","0.0710280097615091","0.153751441671827","9"
"9 on Scale 1 to 10","2010","Lower Saxony","indirect migration background","12","","","","9"
"9 on Scale 1 to 10","2010","Bremen","no migration background","20","","","","9"
"9 on Scale 1 to 10","2010","Bremen","direct migration background","1","","","","9"
"9 on Scale 1 to 10","2010","Bremen","indirect migration background","1","","","","9"
"9 on Scale 1 to 10","2010","North Rhine-Westphalia","no migration background","523","0.127655422015088","0.117010235407557","0.138300608622619","9"
"9 on Scale 1 to 10","2010","North Rhine-Westphalia","direct migration background","105","0.135997407045911","0.11334942083621","0.158645393255612","9"
"9 on Scale 1 to 10","2010","Baden-Württemberg","direct migration background","79","0.177214160427846","0.143438802497544","0.210989518358149","9"
"9 on Scale 1 to 10","2010","Baden-Württemberg","indirect migration background","39","0.147507631995568","0.10096529837763","0.194049965613507","9"
"9 on Scale 1 to 10","2010","Bavaria","no migration background","415","0.137570126787447","0.125178163811993","0.149962089762902","9"
"9 on Scale 1 to 10","2010","Bavaria","direct migration background","69","0.123878189834724","0.0931307848953619","0.154625594774086","9"
"9 on Scale 1 to 10","2010","Bavaria","indirect migration background","22","","","","9"
"9 on Scale 1 to 10","2010","Berlin","no migration background","88","0.125751491001647","0.102362393595902","0.149140588407391","9"
"9 on Scale 1 to 10","2010","Berlin","direct migration background","10","","","","9"
"9 on Scale 1 to 10","2010","Brandenburg","direct migration background","1","","","","9"
"9 on Scale 1 to 10","2010","Brandenburg","indirect migration background","","","","","9"
"9 on Scale 1 to 10","2010","Mecklenburg-Western Pomerania","no migration background","59","0.0894988067422312","0.0661864740951233","0.112811139389339","9"
"9 on Scale 1 to 10","2010","Mecklenburg-Western Pomerania","direct migration background","1","","","","9"
"9 on Scale 1 to 10","2010","Mecklenburg-Western Pomerania","indirect migration background","","","","","9"
"9 on Scale 1 to 10","2010","Saxony","direct migration background","3","","","","9"
"9 on Scale 1 to 10","2010","Saxony","indirect migration background","4","","","","9"
"9 on Scale 1 to 10","2010","Saxony-Anhalt","direct migration background","3","","","","9"
"9 on Scale 1 to 10","2010","Saxony-Anhalt","indirect migration background","3","","","","9"
"9 on Scale 1 to 10","2010","North Rhine-Westphalia","indirect migration background","43","0.140941600644652","0.104009684105641","0.177873517183664","9"
"9 on Scale 1 to 10","2010","Hesse","no migration background","138","0.136021216934874","0.117196942582459","0.154845491287289","9"
"9 on Scale 1 to 10","2010","Hesse","direct migration background","30","0.0821599781887529","0.0517378511650681","0.112582105212438","9"
"9 on Scale 1 to 10","2010","Rhineland-Palatinate,Saarland","direct migration background","28","","","","9"
"9 on Scale 1 to 10","2010","Rhineland-Palatinate,Saarland","indirect migration background","7","","","","9"
"9 on Scale 1 to 10","2010","Baden-Württemberg","no migration background","295","0.13740310635623","0.12295792700486","0.151848285707601","9"
"9 on Scale 1 to 10","2010","Saxony","no migration background","226","0.118092781132954","0.102392336375511","0.133793225890396","9"
"9 on Scale 1 to 10","2010","Saxony-Anhalt","no migration background","91","0.096063781467713","0.0766383492094319","0.115489213725994","9"
"9 on Scale 1 to 10","2010","Thuringia","no migration background","106","0.132343371224416","0.110541230218118","0.154145512230715","9"
"9 on Scale 1 to 10","2010","Berlin","indirect migration background","2","","","","9"
"9 on Scale 1 to 10","2010","Brandenburg","no migration background","99","0.0884369847017486","0.0700600219659072","0.10681394743759","9"
"9 on Scale 1 to 10","2010","Thuringia","indirect migration background","","","","","9"
"9 on Scale 1 to 10","2010","Hesse","indirect migration background","11","","","","9"
"9 on Scale 1 to 10","2010","Rhineland-Palatinate,Saarland","no migration background","145","0.122844426403002","0.103221675042481","0.142467177763523","9"
"9 on Scale 1 to 10","2010","Thuringia","direct migration background","2","","","","9"
"0 Completely dissatisfied","2011","Hesse","indirect migration background","","","","","0"
"0 Completely dissatisfied","2011","Rhineland-Palatinate,Saarland","no migration background","7","","","","0"
"0 Completely dissatisfied","2011","Rhineland-Palatinate,Saarland","direct migration background","","","","","0"
"0 Completely dissatisfied","2011","Rhineland-Palatinate,Saarland","indirect migration background","","","","","0"
"0 Completely dissatisfied","2011","Baden-Württemberg","no migration background","13","","","","0"
"0 Completely dissatisfied","2011","Baden-Württemberg","direct migration background","3","","","","0"
"0 Completely dissatisfied","2011","Baden-Württemberg","indirect migration background","","","","","0"
"0 Completely dissatisfied","2011","Bavaria","no migration background","27","","","","0"
"0 Completely dissatisfied","2011","Bavaria","direct migration background","4","","","","0"
"0 Completely dissatisfied","2011","Bavaria","indirect migration background","1","","","","0"
"0 Completely dissatisfied","2011","Berlin","no migration background","6","","","","0"
"0 Completely dissatisfied","2011","Berlin","direct migration background","1","","","","0"
"0 Completely dissatisfied","2011","Berlin","indirect migration background","1","","","","0"
"0 Completely dissatisfied","2011","Brandenburg","no migration background","6","","","","0"
"0 Completely dissatisfied","2011","Brandenburg","direct migration background","","","","","0"
"0 Completely dissatisfied","2011","Brandenburg","indirect migration background","","","","","0"
"0 Completely dissatisfied","2011","Mecklenburg-Western Pomerania","no migration background","1","","","","0"
"0 Completely dissatisfied","2011","Mecklenburg-Western Pomerania","direct migration background","","","","","0"
"0 Completely dissatisfied","2011","Mecklenburg-Western Pomerania","indirect migration background","","","","","0"
"0 Completely dissatisfied","2011","Saxony","no migration background","11","","","","0"
"0 Completely dissatisfied","2011","Saxony","direct migration background","","","","","0"
"0 Completely dissatisfied","2011","Saxony","indirect migration background","","","","","0"
"0 Completely dissatisfied","2011","Saxony-Anhalt","no migration background","10","","","","0"
"0 Completely dissatisfied","2011","Saxony-Anhalt","direct migration background","1","","","","0"
"0 Completely dissatisfied","2011","Saxony-Anhalt","indirect migration background","","","","","0"
"0 Completely dissatisfied","2011","Thuringia","no migration background","8","","","","0"
"0 Completely dissatisfied","2011","Thuringia","direct migration background","","","","","0"
"0 Completely dissatisfied","2011","Thuringia","indirect migration background","","","","","0"
"0 Completely dissatisfied","2011","Schleswig-Holstein","no migration background","4","","","","0"
"0 Completely dissatisfied","2011","Schleswig-Holstein","direct migration background","3","","","","0"
"0 Completely dissatisfied","2011","Schleswig-Holstein","indirect migration background","1","","","","0"
"0 Completely dissatisfied","2011","Hamburg","no migration background","2","","","","0"
"0 Completely dissatisfied","2011","Hamburg","direct migration background","","","","","0"
"0 Completely dissatisfied","2011","Hamburg","indirect migration background","","","","","0"
"0 Completely dissatisfied","2011","Lower Saxony","no migration background","17","","","","0"
"0 Completely dissatisfied","2011","Lower Saxony","direct migration background","","","","","0"
"0 Completely dissatisfied","2011","Lower Saxony","indirect migration background","2","","","","0"
"0 Completely dissatisfied","2011","Bremen","no migration background","3","","","","0"
"0 Completely dissatisfied","2011","Bremen","direct migration background","1","","","","0"
"0 Completely dissatisfied","2011","Bremen","indirect migration background","","","","","0"
"0 Completely dissatisfied","2011","North Rhine-Westphalia","no migration background","29","","","","0"
"0 Completely dissatisfied","2011","North Rhine-Westphalia","direct migration background","10","","","","0"
"0 Completely dissatisfied","2011","North Rhine-Westphalia","indirect migration background","1","","","","0"
"0 Completely dissatisfied","2011","Hesse","no migration background","12","","","","0"
"0 Completely dissatisfied","2011","Hesse","direct migration background","2","","","","0"
"1 on Scale 1 to 10","2011","Berlin","direct migration background","4","","","","1"
"1 on Scale 1 to 10","2011","Berlin","indirect migration background","2","","","","1"
"1 on Scale 1 to 10","2011","Saxony","direct migration background","1","","","","1"
"1 on Scale 1 to 10","2011","Saxony","indirect migration background","","","","","1"
"1 on Scale 1 to 10","2011","Saxony-Anhalt","no migration background","10","","","","1"
"1 on Scale 1 to 10","2011","Saxony-Anhalt","direct migration background","","","","","1"
"1 on Scale 1 to 10","2011","Saxony-Anhalt","indirect migration background","","","","","1"
"1 on Scale 1 to 10","2011","Thuringia","no migration background","18","","","","1"
"1 on Scale 1 to 10","2011","Thuringia","direct migration background","","","","","1"
"1 on Scale 1 to 10","2011","Thuringia","indirect migration background","","","","","1"
"1 on Scale 1 to 10","2011","Brandenburg","no migration background","12","","","","1"
"1 on Scale 1 to 10","2011","Brandenburg","direct migration background","1","","","","1"
"1 on Scale 1 to 10","2011","Brandenburg","indirect migration background","","","","","1"
"1 on Scale 1 to 10","2011","Mecklenburg-Western Pomerania","no migration background","6","","","","1"
"1 on Scale 1 to 10","2011","Mecklenburg-Western Pomerania","direct migration background","","","","","1"
"1 on Scale 1 to 10","2011","Mecklenburg-Western Pomerania","indirect migration background","","","","","1"
"1 on Scale 1 to 10","2011","Saxony","no migration background","24","","","","1"
"1 on Scale 1 to 10","2011","Schleswig-Holstein","no migration background","5","","","","1"
"1 on Scale 1 to 10","2011","Schleswig-Holstein","direct migration background","1","","","","1"
"1 on Scale 1 to 10","2011","Schleswig-Holstein","indirect migration background","1","","","","1"
"1 on Scale 1 to 10","2011","Hamburg","no migration background","4","","","","1"
"1 on Scale 1 to 10","2011","Hamburg","direct migration background","","","","","1"
"1 on Scale 1 to 10","2011","Hamburg","indirect migration background","","","","","1"
"1 on Scale 1 to 10","2011","Lower Saxony","no migration background","17","","","","1"
"1 on Scale 1 to 10","2011","Lower Saxony","direct migration background","3","","","","1"
"1 on Scale 1 to 10","2011","Lower Saxony","indirect migration background","1","","","","1"
"1 on Scale 1 to 10","2011","Bremen","no migration background","","","","","1"
"1 on Scale 1 to 10","2011","Bremen","direct migration background","1","","","","1"
"1 on Scale 1 to 10","2011","Bremen","indirect migration background","1","","","","1"
"1 on Scale 1 to 10","2011","North Rhine-Westphalia","no migration background","45","0.0120018561818323","0.00864277121110812","0.0153609411525565","1"
"1 on Scale 1 to 10","2011","North Rhine-Westphalia","direct migration background","7","","","","1"
"1 on Scale 1 to 10","2011","North Rhine-Westphalia","indirect migration background","2","","","","1"
"1 on Scale 1 to 10","2011","Hesse","no migration background","20","","","","1"
"1 on Scale 1 to 10","2011","Hesse","direct migration background","2","","","","1"
"1 on Scale 1 to 10","2011","Hesse","indirect migration background","2","","","","1"
"1 on Scale 1 to 10","2011","Rhineland-Palatinate,Saarland","no migration background","14","","","","1"
"1 on Scale 1 to 10","2011","Rhineland-Palatinate,Saarland","direct migration background","","","","","1"
"1 on Scale 1 to 10","2011","Rhineland-Palatinate,Saarland","indirect migration background","2","","","","1"
"1 on Scale 1 to 10","2011","Baden-Württemberg","no migration background","19","","","","1"
"1 on Scale 1 to 10","2011","Baden-Württemberg","direct migration background","5","","","","1"
"1 on Scale 1 to 10","2011","Baden-Württemberg","indirect migration background","2","","","","1"
"1 on Scale 1 to 10","2011","Bavaria","no migration background","38","0.0148296095496731","0.0107493362979352","0.018909882801411","1"
"1 on Scale 1 to 10","2011","Bavaria","direct migration background","7","","","","1"
"1 on Scale 1 to 10","2011","Bavaria","indirect migration background","4","","","","1"
"1 on Scale 1 to 10","2011","Berlin","no migration background","11","","","","1"
"10 Completely satisfied","2011","Saxony-Anhalt","indirect migration background","3","","","","10"
"10 Completely satisfied","2011","Berlin","direct migration background","11","","","","10"
"10 Completely satisfied","2011","Berlin","indirect migration background","5","","","","10"
"10 Completely satisfied","2011","Brandenburg","no migration background","93","0.0793278111848502","0.0625104635044887","0.0961451588652117","10"
"10 Completely satisfied","2011","Brandenburg","direct migration background","3","","","","10"
"10 Completely satisfied","2011","Saxony","no migration background","149","0.0762104112277673","0.0634540659593566","0.088966756496178","10"
"10 Completely satisfied","2011","Saxony","direct migration background","2","","","","10"
"10 Completely satisfied","2011","Saxony-Anhalt","no migration background","102","0.0892590744114228","0.0713256968533024","0.107192451969543","10"
"10 Completely satisfied","2011","Saxony-Anhalt","direct migration background","6","","","","10"
"10 Completely satisfied","2011","Thuringia","no migration background","95","0.122960893121976","0.10240065988196","0.143521126361991","10"
"10 Completely satisfied","2011","Thuringia","direct migration background","2","","","","10"
"10 Completely satisfied","2011","Thuringia","indirect migration background","2","","","","10"
"10 Completely satisfied","2011","Mecklenburg-Western Pomerania","indirect migration background","1","","","","10"
"10 Completely satisfied","2011","Saxony","indirect migration background","3","","","","10"
"10 Completely satisfied","2011","Brandenburg","indirect migration background","2","","","","10"
"10 Completely satisfied","2011","Mecklenburg-Western Pomerania","no migration background","57","0.107915591968372","0.0830058038057559","0.132825380130988","10"
"10 Completely satisfied","2011","Mecklenburg-Western Pomerania","direct migration background","","","","","10"
"10 Completely satisfied","2011","Schleswig-Holstein","no migration background","90","0.103673220663521","0.0817542495015565","0.125592191825486","10"
"10 Completely satisfied","2011","Schleswig-Holstein","direct migration background","13","","","","10"
"10 Completely satisfied","2011","Schleswig-Holstein","indirect migration background","2","","","","10"
"10 Completely satisfied","2011","Hamburg","no migration background","50","0.155205202285149","0.116884824365745","0.193525580204553","10"
"10 Completely satisfied","2011","Hamburg","direct migration background","7","","","","10"
"10 Completely satisfied","2011","Hamburg","indirect migration background","6","","","","10"
"10 Completely satisfied","2011","Lower Saxony","no migration background","230","0.100114505270058","0.087203009866936","0.11302600067318","10"
"10 Completely satisfied","2011","Lower Saxony","direct migration background","25","","","","10"
"10 Completely satisfied","2011","Lower Saxony","indirect migration background","15","","","","10"
"10 Completely satisfied","2011","Bremen","no migration background","26","","","","10"
"10 Completely satisfied","2011","Bremen","direct migration background","3","","","","10"
"10 Completely satisfied","2011","Bremen","indirect migration background","1","","","","10"
"10 Completely satisfied","2011","North Rhine-Westphalia","no migration background","544","0.118240469565349","0.108280067483403","0.128200871647295","10"
"10 Completely satisfied","2011","North Rhine-Westphalia","direct migration background","142","0.145939487484255","0.122385012804106","0.169493962164403","10"
"10 Completely satisfied","2011","North Rhine-Westphalia","indirect migration background","61","0.148306286538551","0.111019334965065","0.185593238112037","10"
"10 Completely satisfied","2011","Hesse","no migration background","126","0.108385138986127","0.091899861565478","0.124870416406776","10"
"10 Completely satisfied","2011","Hesse","direct migration background","40","0.106364681396222","0.0719892833697326","0.14074007942271","10"
"10 Completely satisfied","2011","Hesse","indirect migration background","12","","","","10"
"10 Completely satisfied","2011","Rhineland-Palatinate,Saarland","no migration background","148","0.126204557358707","0.107439163504264","0.144969951213149","10"
"10 Completely satisfied","2011","Rhineland-Palatinate,Saarland","direct migration background","22","","","","10"
"10 Completely satisfied","2011","Rhineland-Palatinate,Saarland","indirect migration background","7","","","","10"
"10 Completely satisfied","2011","Baden-Württemberg","no migration background","274","0.114095235259061","0.101577530248766","0.126612940269355","10"
"10 Completely satisfied","2011","Baden-Württemberg","direct migration background","63","0.101527140907842","0.074757828207514","0.128296453608171","10"
"10 Completely satisfied","2011","Baden-Württemberg","indirect migration background","22","","","","10"
"10 Completely satisfied","2011","Bavaria","no migration background","420","0.125207130403343","0.114035003425583","0.136379257381104","10"
"10 Completely satisfied","2011","Bavaria","direct migration background","56","0.0750806451916918","0.0504016787435389","0.0997596116398448","10"
"10 Completely satisfied","2011","Bavaria","indirect migration background","30","0.119152139459802","0.0743651947480811","0.163939084171523","10"
"10 Completely satisfied","2011","Berlin","no migration background","77","0.0824598191165668","0.0633513765194045","0.101568261713729","10"
"2 on Scale 1 to 10","2011","Schleswig-Holstein","direct migration background","1","","","","2"
"2 on Scale 1 to 10","2011","Schleswig-Holstein","indirect migration background","2","","","","2"
"2 on Scale 1 to 10","2011","Hamburg","direct migration background","1","","","","2"
"2 on Scale 1 to 10","2011","Hamburg","no migration background","10","","","","2"
"2 on Scale 1 to 10","2011","North Rhine-Westphalia","no migration background","104","0.0297419505148994","0.0245017601183287","0.0349821409114701","2"
"2 on Scale 1 to 10","2011","Schleswig-Holstein","no migration background","17","","","","2"
"2 on Scale 1 to 10","2011","Hamburg","indirect migration background","1","","","","2"
"2 on Scale 1 to 10","2011","Lower Saxony","no migration background","53","0.0262326807090343","0.0193575121448099","0.0331078492732586","2"
"2 on Scale 1 to 10","2011","Lower Saxony","direct migration background","4","","","","2"
"2 on Scale 1 to 10","2011","Bremen","direct migration background","1","","","","2"
"2 on Scale 1 to 10","2011","Bremen","indirect migration background","1","","","","2"
"2 on Scale 1 to 10","2011","Lower Saxony","indirect migration background","2","","","","2"
"2 on Scale 1 to 10","2011","Bremen","no migration background","6","","","","2"
"2 on Scale 1 to 10","2011","Hesse","indirect migration background","3","","","","2"
"2 on Scale 1 to 10","2011","Rhineland-Palatinate,Saarland","no migration background","24","","","","2"
"2 on Scale 1 to 10","2011","Rhineland-Palatinate,Saarland","direct migration background","5","","","","2"
"2 on Scale 1 to 10","2011","Rhineland-Palatinate,Saarland","indirect migration background","3","","","","2"
"2 on Scale 1 to 10","2011","Baden-Württemberg","no migration background","62","0.0334332939135394","0.0263554180911915","0.0405111697358873","2"
"2 on Scale 1 to 10","2011","Baden-Württemberg","direct migration background","16","","","","2"
"2 on Scale 1 to 10","2011","Baden-Württemberg","indirect migration background","4","","","","2"
"2 on Scale 1 to 10","2011","Bavaria","no migration background","121","0.0394681199402414","0.0328953591583785","0.0460408807221042","2"
"2 on Scale 1 to 10","2011","Bavaria","direct migration background","19","","","","2"
"2 on Scale 1 to 10","2011","Bavaria","indirect migration background","4","","","","2"
"2 on Scale 1 to 10","2011","Berlin","no migration background","32","0.0535217447388918","0.0378862362835222","0.0691572531942615","2"
"2 on Scale 1 to 10","2011","Berlin","direct migration background","2","","","","2"
"2 on Scale 1 to 10","2011","Berlin","indirect migration background","","","","","2"
"2 on Scale 1 to 10","2011","Brandenburg","no migration background","33","0.0326728564976776","0.0216098671355333","0.0437358458598218","2"
"2 on Scale 1 to 10","2011","Brandenburg","direct migration background","","","","","2"
"2 on Scale 1 to 10","2011","Brandenburg","indirect migration background","","","","","2"
"2 on Scale 1 to 10","2011","Mecklenburg-Western Pomerania","no migration background","22","","","","2"
"2 on Scale 1 to 10","2011","Mecklenburg-Western Pomerania","direct migration background","1","","","","2"
"2 on Scale 1 to 10","2011","Mecklenburg-Western Pomerania","indirect migration background","","","","","2"
"2 on Scale 1 to 10","2011","Saxony","no migration background","48","0.043288841102312","0.0335049641813833","0.0530727180232406","2"
"2 on Scale 1 to 10","2011","Saxony","direct migration background","2","","","","2"
"2 on Scale 1 to 10","2011","Saxony","indirect migration background","","","","","2"
"2 on Scale 1 to 10","2011","Saxony-Anhalt","no migration background","33","0.0283045368907032","0.0178734013088907","0.0387356724725158","2"
"2 on Scale 1 to 10","2011","Saxony-Anhalt","direct migration background","","","","","2"
"2 on Scale 1 to 10","2011","Saxony-Anhalt","indirect migration background","","","","","2"
"2 on Scale 1 to 10","2011","Thuringia","no migration background","35","0.0469286445758912","0.0336877670927148","0.0601695220590677","2"
"2 on Scale 1 to 10","2011","Thuringia","direct migration background","","","","","2"
"2 on Scale 1 to 10","2011","Thuringia","indirect migration background","3","","","","2"
"2 on Scale 1 to 10","2011","North Rhine-Westphalia","direct migration background","32","0.0477097547237124","0.0334887279870531","0.0619307814603716","2"
"2 on Scale 1 to 10","2011","North Rhine-Westphalia","indirect migration background","12","","","","2"
"2 on Scale 1 to 10","2011","Hesse","no migration background","43","0.0259070381398594","0.0174827768949245","0.0343312993847943","2"
"2 on Scale 1 to 10","2011","Hesse","direct migration background","15","","","","2"
"3 on Scale 1 to 10","2011","Rhineland-Palatinate,Saarland","direct migration background","6","","","","3"
"3 on Scale 1 to 10","2011","Rhineland-Palatinate,Saarland","indirect migration background","4","","","","3"
"3 on Scale 1 to 10","2011","Berlin","direct migration background","9","","","","3"
"3 on Scale 1 to 10","2011","Berlin","indirect migration background","3","","","","3"
"3 on Scale 1 to 10","2011","Brandenburg","no migration background","65","0.0819178610915555","0.0648522310618268","0.0989834911212842","3"
"3 on Scale 1 to 10","2011","Brandenburg","direct migration background","3","","","","3"
"3 on Scale 1 to 10","2011","Brandenburg","indirect migration background","","","","","3"
"3 on Scale 1 to 10","2011","Saxony","direct migration background","6","","","","3"
"3 on Scale 1 to 10","2011","Saxony","indirect migration background","1","","","","3"
"3 on Scale 1 to 10","2011","Saxony-Anhalt","no migration background","49","0.0539517721802629","0.0397416447768398","0.068161899583686","3"
"3 on Scale 1 to 10","2011","Saxony-Anhalt","direct migration background","","","","","3"
"3 on Scale 1 to 10","2011","Saxony-Anhalt","indirect migration background","","","","","3"
"3 on Scale 1 to 10","2011","Thuringia","no migration background","52","0.0472001159742149","0.033922887341133","0.0604773446072967","3"
"3 on Scale 1 to 10","2011","Baden-Württemberg","no migration background","116","0.0526788509569182","0.0438832766236559","0.0614744252901805","3"
"3 on Scale 1 to 10","2011","Baden-Württemberg","direct migration background","27","","","","3"
"3 on Scale 1 to 10","2011","Hesse","indirect migration background","3","","","","3"
"3 on Scale 1 to 10","2011","Rhineland-Palatinate,Saarland","no migration background","68","0.0640083205860821","0.0501768140066944","0.0778398271654698","3"
"3 on Scale 1 to 10","2011","Mecklenburg-Western Pomerania","no migration background","53","0.0880338107197173","0.0652860275143537","0.110781593925081","3"
"3 on Scale 1 to 10","2011","Mecklenburg-Western Pomerania","direct migration background","2","","","","3"
"3 on Scale 1 to 10","2011","Mecklenburg-Western Pomerania","indirect migration background","","","","","3"
"3 on Scale 1 to 10","2011","Saxony","no migration background","92","0.049056822333549","0.0386729444657018","0.0594407002013963","3"
"3 on Scale 1 to 10","2011","Thuringia","direct migration background","2","","","","3"
"3 on Scale 1 to 10","2011","Thuringia","indirect migration background","","","","","3"
"3 on Scale 1 to 10","2011","Schleswig-Holstein","no migration background","43","0.0599987632793674","0.0429226492617558","0.077074877296979","3"
"3 on Scale 1 to 10","2011","Schleswig-Holstein","direct migration background","3","","","","3"
"3 on Scale 1 to 10","2011","Schleswig-Holstein","indirect migration background","2","","","","3"
"3 on Scale 1 to 10","2011","Hamburg","no migration background","17","","","","3"
"3 on Scale 1 to 10","2011","Hamburg","direct migration background","1","","","","3"
"3 on Scale 1 to 10","2011","Hamburg","indirect migration background","3","","","","3"
"3 on Scale 1 to 10","2011","Lower Saxony","no migration background","123","0.0676916154788599","0.0568852002543256","0.0784980307033943","3"
"3 on Scale 1 to 10","2011","Lower Saxony","direct migration background","10","","","","3"
"3 on Scale 1 to 10","2011","Lower Saxony","indirect migration background","1","","","","3"
"3 on Scale 1 to 10","2011","Bremen","no migration background","5","","","","3"
"3 on Scale 1 to 10","2011","Bremen","direct migration background","2","","","","3"
"3 on Scale 1 to 10","2011","Bremen","indirect migration background","","","","","3"
"3 on Scale 1 to 10","2011","North Rhine-Westphalia","no migration background","222","0.0645153808976291","0.0569371353181465","0.0720936264771116","3"
"3 on Scale 1 to 10","2011","North Rhine-Westphalia","direct migration background","45","0.0433667075784202","0.0297775146508523","0.0569559005059882","3"
"3 on Scale 1 to 10","2011","North Rhine-Westphalia","indirect migration background","22","","","","3"
"3 on Scale 1 to 10","2011","Hesse","no migration background","76","0.0522671039796224","0.0404644428617539","0.0640697650974909","3"
"3 on Scale 1 to 10","2011","Hesse","direct migration background","13","","","","3"
"3 on Scale 1 to 10","2011","Baden-Württemberg","indirect migration background","6","","","","3"
"3 on Scale 1 to 10","2011","Bavaria","no migration background","172","0.0511698006601319","0.0437315668305466","0.0586080344897173","3"
"3 on Scale 1 to 10","2011","Bavaria","direct migration background","26","","","","3"
"3 on Scale 1 to 10","2011","Bavaria","indirect migration background","12","","","","3"
"3 on Scale 1 to 10","2011","Berlin","no migration background","55","0.0632555970519958","0.0463452862320699","0.0801659078719217","3"
"4 on Scale 1 to 10","2011","Schleswig-Holstein","no migration background","53","0.0777499776230243","0.058495658848838","0.0970042963972105","4"
"4 on Scale 1 to 10","2011","Schleswig-Holstein","direct migration background","6","","","","4"
"4 on Scale 1 to 10","2011","Schleswig-Holstein","indirect migration background","2","","","","4"
"4 on Scale 1 to 10","2011","Hamburg","no migration background","20","","","","4"
"4 on Scale 1 to 10","2011","Hamburg","direct migration background","2","","","","4"
"4 on Scale 1 to 10","2011","Hamburg","indirect migration background","","","","","4"
"4 on Scale 1 to 10","2011","Hesse","indirect migration background","7","","","","4"
"4 on Scale 1 to 10","2011","Rhineland-Palatinate,Saarland","no migration background","59","0.0583072202499149","0.0450659068026425","0.0715485336971873","4"
"4 on Scale 1 to 10","2011","Rhineland-Palatinate,Saarland","direct migration background","13","","","","4"
"4 on Scale 1 to 10","2011","Rhineland-Palatinate,Saarland","indirect migration background","6","","","","4"
"4 on Scale 1 to 10","2011","Baden-Württemberg","no migration background","136","0.0728533720260383","0.062620525029301","0.0830862190227756","4"
"4 on Scale 1 to 10","2011","Baden-Württemberg","direct migration background","24","","","","4"
"4 on Scale 1 to 10","2011","Baden-Württemberg","indirect migration background","17","","","","4"
"4 on Scale 1 to 10","2011","Bavaria","no migration background","182","0.0607389914590406","0.0526760102085658","0.0688019727095154","4"
"4 on Scale 1 to 10","2011","Bavaria","direct migration background","24","","","","4"
"4 on Scale 1 to 10","2011","Bavaria","indirect migration background","11","","","","4"
"4 on Scale 1 to 10","2011","Berlin","no migration background","76","0.0828489116559442","0.0636995013858061","0.101998321926082","4"
"4 on Scale 1 to 10","2011","Berlin","direct migration background","9","","","","4"
"4 on Scale 1 to 10","2011","Berlin","indirect migration background","","","","","4"
"4 on Scale 1 to 10","2011","Brandenburg","no migration background","75","0.0700101135103024","0.0541315299555707","0.0858886970650342","4"
"4 on Scale 1 to 10","2011","Brandenburg","direct migration background","2","","","","4"
"4 on Scale 1 to 10","2011","Brandenburg","indirect migration background","2","","","","4"
"4 on Scale 1 to 10","2011","Mecklenburg-Western Pomerania","no migration background","48","0.0910422668535057","0.0679472471608945","0.114137286546117","4"
"4 on Scale 1 to 10","2011","Mecklenburg-Western Pomerania","direct migration background","1","","","","4"
"4 on Scale 1 to 10","2011","Mecklenburg-Western Pomerania","indirect migration background","1","","","","4"
"4 on Scale 1 to 10","2011","Saxony","no migration background","107","0.0667672528241163","0.0547664770911497","0.078768028557083","4"
"4 on Scale 1 to 10","2011","Saxony","direct migration background","2","","","","4"
"4 on Scale 1 to 10","2011","Saxony","indirect migration background","","","","","4"
"4 on Scale 1 to 10","2011","Saxony-Anhalt","no migration background","77","0.0785731870754025","0.0616490675591304","0.0954973065916746","4"
"4 on Scale 1 to 10","2011","Saxony-Anhalt","direct migration background","2","","","","4"
"4 on Scale 1 to 10","2011","Saxony-Anhalt","indirect migration background","2","","","","4"
"4 on Scale 1 to 10","2011","Thuringia","no migration background","76","0.0695988345853889","0.0536668029610486","0.0855308662097293","4"
"4 on Scale 1 to 10","2011","Thuringia","direct migration background","1","","","","4"
"4 on Scale 1 to 10","2011","Thuringia","indirect migration background","1","","","","4"
"4 on Scale 1 to 10","2011","Lower Saxony","indirect migration background","3","","","","4"
"4 on Scale 1 to 10","2011","Bremen","indirect migration background","","","","","4"
"4 on Scale 1 to 10","2011","North Rhine-Westphalia","direct migration background","49","0.0519681348650989","0.0371592374105693","0.0667770323196285","4"
"4 on Scale 1 to 10","2011","North Rhine-Westphalia","indirect migration background","20","","","","4"
"4 on Scale 1 to 10","2011","Hesse","no migration background","93","0.0583951052619814","0.0459601187688507","0.0708300917551121","4"
"4 on Scale 1 to 10","2011","Hesse","direct migration background","19","","","","4"
"4 on Scale 1 to 10","2011","Lower Saxony","no migration background","143","0.0687360918291444","0.0578527261873453","0.0796194574709435","4"
"4 on Scale 1 to 10","2011","Lower Saxony","direct migration background","19","","","","4"
"4 on Scale 1 to 10","2011","Bremen","direct migration background","1","","","","4"
"4 on Scale 1 to 10","2011","Bremen","no migration background","10","","","","4"
"4 on Scale 1 to 10","2011","North Rhine-Westphalia","no migration background","238","0.0631613818446379","0.0556576566587636","0.0706651070305122","4"
"5 on Scale 1 to 10","2011","Berlin","direct migration background","7","","","","5"
"5 on Scale 1 to 10","2011","Brandenburg","no migration background","126","0.130954904226439","0.109961914408797","0.151947894044081","5"
"5 on Scale 1 to 10","2011","Brandenburg","direct migration background","7","","","","5"
"5 on Scale 1 to 10","2011","Berlin","indirect migration background","6","","","","5"
"5 on Scale 1 to 10","2011","Mecklenburg-Western Pomerania","indirect migration background","1","","","","5"
"5 on Scale 1 to 10","2011","Brandenburg","indirect migration background","1","","","","5"
"5 on Scale 1 to 10","2011","Mecklenburg-Western Pomerania","no migration background","78","0.108149053516628","0.0832155985702792","0.133082508462977","5"
"5 on Scale 1 to 10","2011","Mecklenburg-Western Pomerania","direct migration background","","","","","5"
"5 on Scale 1 to 10","2011","Schleswig-Holstein","no migration background","71","0.088389345272759","0.0679786246201663","0.108800065925352","5"
"5 on Scale 1 to 10","2011","Schleswig-Holstein","direct migration background","10","","","","5"
"5 on Scale 1 to 10","2011","Schleswig-Holstein","indirect migration background","2","","","","5"
"5 on Scale 1 to 10","2011","Hamburg","no migration background","39","0.122559598113838","0.0878552805328263","0.157263915694849","5"
"5 on Scale 1 to 10","2011","Hamburg","direct migration background","5","","","","5"
"5 on Scale 1 to 10","2011","Hamburg","indirect migration background","2","","","","5"
"5 on Scale 1 to 10","2011","Lower Saxony","no migration background","247","0.134126433360027","0.119466943907123","0.148785922812932","5"
"5 on Scale 1 to 10","2011","Lower Saxony","direct migration background","32","0.130185048223512","0.0883041257306979","0.172065970716325","5"
"5 on Scale 1 to 10","2011","Lower Saxony","indirect migration background","9","","","","5"
"5 on Scale 1 to 10","2011","Hesse","indirect migration background","12","","","","5"
"5 on Scale 1 to 10","2011","Rhineland-Palatinate,Saarland","no migration background","156","0.115619435921099","0.0975497628427871","0.133689108999412","5"
"5 on Scale 1 to 10","2011","Rhineland-Palatinate,Saarland","direct migration background","26","","","","5"
"5 on Scale 1 to 10","2011","Rhineland-Palatinate,Saarland","indirect migration background","7","","","","5"
"5 on Scale 1 to 10","2011","Baden-Württemberg","no migration background","255","0.108038815890717","0.0958163080221327","0.120261323759301","5"
"5 on Scale 1 to 10","2011","Baden-Württemberg","direct migration background","56","0.124286722834841","0.0950460745483424","0.153527371121339","5"
"5 on Scale 1 to 10","2011","Baden-Württemberg","indirect migration background","20","","","","5"
"5 on Scale 1 to 10","2011","Bavaria","no migration background","374","0.130276833294941","0.118913837899277","0.141639828690604","5"
"5 on Scale 1 to 10","2011","Bavaria","direct migration background","60","0.151372018144744","0.117806565348193","0.184937470941295","5"
"5 on Scale 1 to 10","2011","Bavaria","indirect migration background","23","","","","5"
"5 on Scale 1 to 10","2011","Berlin","no migration background","81","0.122424633403219","0.0996543636645872","0.14519490314185","5"
"5 on Scale 1 to 10","2011","Saxony","no migration background","206","0.143494984501366","0.126640483572017","0.160349485430716","5"
"5 on Scale 1 to 10","2011","Saxony","direct migration background","7","","","","5"
"5 on Scale 1 to 10","2011","Saxony","indirect migration background","5","","","","5"
"5 on Scale 1 to 10","2011","Saxony-Anhalt","no migration background","160","0.163572141929029","0.140306909755154","0.186837374102903","5"
"5 on Scale 1 to 10","2011","Saxony-Anhalt","direct migration background","3","","","","5"
"5 on Scale 1 to 10","2011","Saxony-Anhalt","indirect migration background","1","","","","5"
"5 on Scale 1 to 10","2011","Thuringia","no migration background","120","0.117211586089013","0.0970720882822191","0.137351083895807","5"
"5 on Scale 1 to 10","2011","Thuringia","direct migration background","2","","","","5"
"5 on Scale 1 to 10","2011","Thuringia","indirect migration background","3","","","","5"
"5 on Scale 1 to 10","2011","Bremen","no migration background","15","","","","5"
"5 on Scale 1 to 10","2011","Bremen","direct migration background","1","","","","5"
"5 on Scale 1 to 10","2011","Bremen","indirect migration background","1","","","","5"
"5 on Scale 1 to 10","2011","North Rhine-Westphalia","no migration background","479","0.121830849176289","0.111740958973124","0.131920739379455","5"
"5 on Scale 1 to 10","2011","North Rhine-Westphalia","direct migration background","109","0.128200068629266","0.105895427643942","0.150504709614589","5"
"5 on Scale 1 to 10","2011","North Rhine-Westphalia","indirect migration background","43","0.112673843730445","0.0795005515109821","0.145847135949908","5"
"5 on Scale 1 to 10","2011","Hesse","no migration background","142","0.101332664645588","0.0853298287755463","0.11733550051563","5"
"5 on Scale 1 to 10","2011","Hesse","direct migration background","48","0.159292525004021","0.118489815442063","0.20009523456598","5"
"6 on Scale 1 to 10","2011","Bremen","direct migration background","3","","","","6"
"6 on Scale 1 to 10","2011","Schleswig-Holstein","no migration background","72","0.0923822787622353","0.0715613785416558","0.113203178982815","6"
"6 on Scale 1 to 10","2011","Schleswig-Holstein","direct migration background","11","","","","6"
"6 on Scale 1 to 10","2011","Schleswig-Holstein","indirect migration background","6","","","","6"
"6 on Scale 1 to 10","2011","Hamburg","no migration background","33","0.0997681731819282","0.0680524789280336","0.131483867435823","6"
"6 on Scale 1 to 10","2011","Hamburg","direct migration background","6","","","","6"
"6 on Scale 1 to 10","2011","Hamburg","indirect migration background","4","","","","6"
"6 on Scale 1 to 10","2011","Lower Saxony","no migration background","219","0.0869702056369234","0.0748485444788847","0.099091866794962","6"
"6 on Scale 1 to 10","2011","Lower Saxony","direct migration background","23","","","","6"
"6 on Scale 1 to 10","2011","Lower Saxony","indirect migration background","7","","","","6"
"6 on Scale 1 to 10","2011","Bremen","no migration background","14","","","","6"
"6 on Scale 1 to 10","2011","Bremen","indirect migration background","","","","","6"
"6 on Scale 1 to 10","2011","North Rhine-Westphalia","no migration background","430","0.105341880871378","0.0958719282919703","0.114811833450786","6"
"6 on Scale 1 to 10","2011","North Rhine-Westphalia","direct migration background","98","0.112060505086608","0.0910149362970155","0.1331060738762","6"
"6 on Scale 1 to 10","2011","North Rhine-Westphalia","indirect migration background","35","0.108786601552282","0.0761192492698235","0.14145395383474","6"
"6 on Scale 1 to 10","2011","Hesse","no migration background","141","0.106814971449476","0.0904351364300646","0.123194806468887","6"
"6 on Scale 1 to 10","2011","Hesse","direct migration background","35","0.101111130757462","0.0674970424800806","0.134725219034844","6"
"6 on Scale 1 to 10","2011","Hesse","indirect migration background","8","","","","6"
"6 on Scale 1 to 10","2011","Rhineland-Palatinate,Saarland","no migration background","129","0.100998456197691","0.0839708787674816","0.1180260336279","6"
"6 on Scale 1 to 10","2011","Rhineland-Palatinate,Saarland","direct migration background","24","","","","6"
"6 on Scale 1 to 10","2011","Rhineland-Palatinate,Saarland","indirect migration background","8","","","","6"
"6 on Scale 1 to 10","2011","Baden-Württemberg","no migration background","256","0.112018616284745","0.0996008216742714","0.124436410895219","6"
"6 on Scale 1 to 10","2011","Baden-Württemberg","direct migration background","36","0.0779893721561459","0.0542221001194317","0.10175664419286","6"
"6 on Scale 1 to 10","2011","Baden-Württemberg","indirect migration background","29","","","","6"
"6 on Scale 1 to 10","2011","Bavaria","no migration background","365","0.101456760962674","0.0912643083321168","0.111649213593232","6"
"6 on Scale 1 to 10","2011","Bavaria","direct migration background","40","0.0844834692907408","0.0584381311089303","0.110528807472551","6"
"6 on Scale 1 to 10","2011","Bavaria","indirect migration background","19","","","","6"
"6 on Scale 1 to 10","2011","Berlin","no migration background","72","0.0914204595445502","0.0713990461116535","0.111441872977447","6"
"6 on Scale 1 to 10","2011","Berlin","direct migration background","11","","","","6"
"6 on Scale 1 to 10","2011","Berlin","indirect migration background","9","","","","6"
"6 on Scale 1 to 10","2011","Brandenburg","no migration background","90","0.105119703599091","0.0860336213212319","0.12420578587695","6"
"6 on Scale 1 to 10","2011","Brandenburg","direct migration background","4","","","","6"
"6 on Scale 1 to 10","2011","Brandenburg","indirect migration background","1","","","","6"
"6 on Scale 1 to 10","2011","Mecklenburg-Western Pomerania","no migration background","66","0.119894307727134","0.0938152642542541","0.145973351200013","6"
"6 on Scale 1 to 10","2011","Mecklenburg-Western Pomerania","direct migration background","","","","","6"
"6 on Scale 1 to 10","2011","Mecklenburg-Western Pomerania","indirect migration background","1","","","","6"
"6 on Scale 1 to 10","2011","Saxony","no migration background","182","0.102920175779277","0.0883119192882799","0.117528432270274","6"
"6 on Scale 1 to 10","2011","Saxony","direct migration background","2","","","","6"
"6 on Scale 1 to 10","2011","Saxony","indirect migration background","3","","","","6"
"6 on Scale 1 to 10","2011","Saxony-Anhalt","no migration background","86","0.107948828070097","0.0884305129183111","0.127467143221883","6"
"6 on Scale 1 to 10","2011","Saxony-Anhalt","direct migration background","1","","","","6"
"6 on Scale 1 to 10","2011","Saxony-Anhalt","indirect migration background","1","","","","6"
"6 on Scale 1 to 10","2011","Thuringia","no migration background","110","0.108528186700109","0.0890539638866943","0.128002409513524","6"
"6 on Scale 1 to 10","2011","Thuringia","direct migration background","5","","","","6"
"6 on Scale 1 to 10","2011","Thuringia","indirect migration background","1","","","","6"
"7 on Scale 1 to 10","2011","Berlin","indirect migration background","7","","","","7"
"7 on Scale 1 to 10","2011","Brandenburg","no migration background","138","0.134659334502253","0.113416911952345","0.15590175705216","7"
"7 on Scale 1 to 10","2011","Mecklenburg-Western Pomerania","no migration background","86","0.161425730787662","0.131887661292827","0.190963800282496","7"
"7 on Scale 1 to 10","2011","Berlin","direct migration background","7","","","","7"
"7 on Scale 1 to 10","2011","Saxony-Anhalt","indirect migration background","3","","","","7"
"7 on Scale 1 to 10","2011","Thuringia","no migration background","149","0.13838308066836","0.116764177330696","0.160001984006024","7"
"7 on Scale 1 to 10","2011","Saxony-Anhalt","direct migration background","1","","","","7"
"7 on Scale 1 to 10","2011","Saxony","direct migration background","5","","","","7"
"7 on Scale 1 to 10","2011","Saxony","indirect migration background","5","","","","7"
"7 on Scale 1 to 10","2011","Saxony-Anhalt","no migration background","139","0.13187951967412","0.110597288543451","0.153161750804789","7"
"7 on Scale 1 to 10","2011","Brandenburg","direct migration background","2","","","","7"
"7 on Scale 1 to 10","2011","Brandenburg","indirect migration background","1","","","","7"
"7 on Scale 1 to 10","2011","Mecklenburg-Western Pomerania","direct migration background","2","","","","7"
"7 on Scale 1 to 10","2011","Thuringia","direct migration background","3","","","","7"
"7 on Scale 1 to 10","2011","Thuringia","indirect migration background","1","","","","7"
"7 on Scale 1 to 10","2011","Mecklenburg-Western Pomerania","indirect migration background","","","","","7"
"7 on Scale 1 to 10","2011","Saxony","no migration background","260","0.148812478613516","0.131701892727641","0.16592306449939","7"
"7 on Scale 1 to 10","2011","Schleswig-Holstein","no migration background","109","0.176954048259656","0.149513298268732","0.20439479825058","7"
"7 on Scale 1 to 10","2011","Schleswig-Holstein","direct migration background","19","","","","7"
"7 on Scale 1 to 10","2011","Hesse","indirect migration background","15","","","","7"
"7 on Scale 1 to 10","2011","Rhineland-Palatinate,Saarland","no migration background","182","0.157973167882503","0.137363551577024","0.178582784187982","7"
"7 on Scale 1 to 10","2011","Rhineland-Palatinate,Saarland","direct migration background","28","","","","7"
"7 on Scale 1 to 10","2011","Rhineland-Palatinate,Saarland","indirect migration background","16","","","","7"
"7 on Scale 1 to 10","2011","Baden-Württemberg","no migration background","452","0.180521613014819","0.1653779549595","0.195665271070138","7"
"7 on Scale 1 to 10","2011","Baden-Württemberg","direct migration background","84","0.167002664304476","0.133944619227579","0.200060709381373","7"
"7 on Scale 1 to 10","2011","Baden-Württemberg","indirect migration background","32","0.178653457706288","0.129677482825019","0.227629432587556","7"
"7 on Scale 1 to 10","2011","Bavaria","no migration background","479","0.130999049269601","0.11960933281709","0.142388765722113","7"
"7 on Scale 1 to 10","2011","Bavaria","direct migration background","53","0.110343537018754","0.0810011355236706","0.139685938513836","7"
"7 on Scale 1 to 10","2011","Bavaria","indirect migration background","30","0.142953652460563","0.0945642962043088","0.191343008716818","7"
"7 on Scale 1 to 10","2011","Berlin","no migration background","113","0.140729596148081","0.11657225098595","0.164886941310212","7"
"7 on Scale 1 to 10","2011","Hamburg","no migration background","54","0.128054882107469","0.0926923238038817","0.163417440411056","7"
"7 on Scale 1 to 10","2011","Hamburg","direct migration background","9","","","","7"
"7 on Scale 1 to 10","2011","North Rhine-Westphalia","direct migration background","113","0.128715013772285","0.106372223333531","0.151057804211039","7"
"7 on Scale 1 to 10","2011","Bremen","indirect migration background","1","","","","7"
"7 on Scale 1 to 10","2011","North Rhine-Westphalia","indirect migration background","44","0.155742842428181","0.117699663359705","0.193786021496657","7"
"7 on Scale 1 to 10","2011","Schleswig-Holstein","indirect migration background","5","","","","7"
"7 on Scale 1 to 10","2011","North Rhine-Westphalia","no migration background","576","0.137626958934034","0.126999778389626","0.148254139478441","7"
"7 on Scale 1 to 10","2011","Lower Saxony","direct migration background","38","0.167077500530054","0.12064912032299","0.213505880737119","7"
"7 on Scale 1 to 10","2011","Hamburg","indirect migration background","3","","","","7"
"7 on Scale 1 to 10","2011","Lower Saxony","no migration background","341","0.16725325923812","0.151199446898202","0.183307071578038","7"
"7 on Scale 1 to 10","2011","Hesse","direct migration background","44","0.14945558444483","0.109702262704584","0.189208906185075","7"
"7 on Scale 1 to 10","2011","Bremen","direct migration background","6","","","","7"
"7 on Scale 1 to 10","2011","Lower Saxony","indirect migration background","9","","","","7"
"7 on Scale 1 to 10","2011","Hesse","no migration background","252","0.178728610667306","0.158411444721059","0.199045776613554","7"
"7 on Scale 1 to 10","2011","Bremen","no migration background","19","","","","7"
"8 on Scale 1 to 10","2011","Berlin","direct migration background","16","","","","8"
"8 on Scale 1 to 10","2011","Berlin","indirect migration background","5","","","","8"
"8 on Scale 1 to 10","2011","Brandenburg","no migration background","230","0.22375738627357","0.19782277842662","0.249691994120519","8"
"8 on Scale 1 to 10","2011","Brandenburg","direct migration background","5","","","","8"
"8 on Scale 1 to 10","2011","Schleswig-Holstein","no migration background","162","0.206882006481567","0.177755798564928","0.236008214398207","8"
"8 on Scale 1 to 10","2011","Schleswig-Holstein","direct migration background","12","","","","8"
"8 on Scale 1 to 10","2011","Schleswig-Holstein","indirect migration background","5","","","","8"
"8 on Scale 1 to 10","2011","Hamburg","no migration background","70","0.181249867665563","0.140482227628999","0.222017507702128","8"
"8 on Scale 1 to 10","2011","Hamburg","direct migration background","8","","","","8"
"8 on Scale 1 to 10","2011","Hamburg","indirect migration background","3","","","","8"
"8 on Scale 1 to 10","2011","Lower Saxony","no migration background","447","0.224517911213701","0.206568682201521","0.24246714022588","8"
"8 on Scale 1 to 10","2011","Lower Saxony","direct migration background","53","0.195973738247997","0.14657039880964","0.245377077686354","8"
"8 on Scale 1 to 10","2011","Lower Saxony","indirect migration background","18","","","","8"
"8 on Scale 1 to 10","2011","Bremen","no migration background","32","0.171735636065161","0.110973653895927","0.232497618234395","8"
"8 on Scale 1 to 10","2011","Bremen","direct migration background","4","","","","8"
"8 on Scale 1 to 10","2011","Bremen","indirect migration background","2","","","","8"
"8 on Scale 1 to 10","2011","North Rhine-Westphalia","no migration background","845","0.206939241574839","0.194442598283002","0.219435884866677","8"
"8 on Scale 1 to 10","2011","North Rhine-Westphalia","direct migration background","154","0.205015918750643","0.178080998050353","0.231950839450932","8"
"8 on Scale 1 to 10","2011","North Rhine-Westphalia","indirect migration background","70","0.182236437056706","0.141735332892317","0.222737541221095","8"
"8 on Scale 1 to 10","2011","Hesse","no migration background","284","0.198070663260934","0.176935730524311","0.219205595997557","8"
"8 on Scale 1 to 10","2011","Hesse","direct migration background","55","0.185195067895236","0.141882853908728","0.228507281881743","8"
"8 on Scale 1 to 10","2011","Hesse","indirect migration background","22","","","","8"
"8 on Scale 1 to 10","2011","Rhineland-Palatinate,Saarland","no migration background","250","0.214719964393267","0.191515915666261","0.237924013120272","8"
"8 on Scale 1 to 10","2011","Rhineland-Palatinate,Saarland","direct migration background","43","0.211159329554521","0.153875694491761","0.268442964617282","8"
"8 on Scale 1 to 10","2011","Rhineland-Palatinate,Saarland","indirect migration background","18","","","","8"
"8 on Scale 1 to 10","2011","Baden-Württemberg","no migration background","547","0.190735481909587","0.175266617413511","0.206204346405663","8"
"8 on Scale 1 to 10","2011","Baden-Württemberg","direct migration background","104","0.194802338577233","0.159699519392948","0.229905157761517","8"
"8 on Scale 1 to 10","2011","Baden-Württemberg","indirect migration background","47","0.194743773770406","0.144113182822039","0.245374364718773","8"
"8 on Scale 1 to 10","2011","Bavaria","no migration background","688","0.191074917455431","0.177803273992616","0.204346560918245","8"
"8 on Scale 1 to 10","2011","Bavaria","direct migration background","96","0.231625807818465","0.192117275734659","0.271134339902272","8"
"8 on Scale 1 to 10","2011","Bavaria","indirect migration background","38","0.195007396711961","0.140233763460686","0.249781029963236","8"
"8 on Scale 1 to 10","2011","Berlin","no migration background","173","0.214377878549519","0.185868457798929","0.242887299300108","8"
"8 on Scale 1 to 10","2011","Brandenburg","indirect migration background","5","","","","8"
"8 on Scale 1 to 10","2011","Mecklenburg-Western Pomerania","no migration background","113","0.19088131138696","0.15933033654388","0.222432286230041","8"
"8 on Scale 1 to 10","2011","Saxony","direct migration background","9","","","","8"
"8 on Scale 1 to 10","2011","Saxony","indirect migration background","5","","","","8"
"8 on Scale 1 to 10","2011","Saxony-Anhalt","no migration background","201","0.222906284418165","0.196728292406364","0.249084276429966","8"
"8 on Scale 1 to 10","2011","Saxony-Anhalt","direct migration background","3","","","","8"
"8 on Scale 1 to 10","2011","Saxony-Anhalt","indirect migration background","3","","","","8"
"8 on Scale 1 to 10","2011","Thuringia","no migration background","201","0.202511101719122","0.177350455317608","0.227671748120635","8"
"8 on Scale 1 to 10","2011","Thuringia","direct migration background","4","","","","8"
"8 on Scale 1 to 10","2011","Mecklenburg-Western Pomerania","direct migration background","4","","","","8"
"8 on Scale 1 to 10","2011","Mecklenburg-Western Pomerania","indirect migration background","1","","","","8"
"8 on Scale 1 to 10","2011","Saxony","no migration background","372","0.223800947536283","0.203763144844419","0.243838750228147","8"
"8 on Scale 1 to 10","2011","Thuringia","indirect migration background","1","","","","8"
"9 on Scale 1 to 10","2011","Berlin","direct migration background","8","","","","9"
"9 on Scale 1 to 10","2011","Berlin","indirect migration background","5","","","","9"
"9 on Scale 1 to 10","2011","Brandenburg","no migration background","124","0.127730379312894","0.106959029037619","0.148501729588168","9"
"9 on Scale 1 to 10","2011","Brandenburg","direct migration background","5","","","","9"
"9 on Scale 1 to 10","2011","Brandenburg","indirect migration background","3","","","","9"
"9 on Scale 1 to 10","2011","Mecklenburg-Western Pomerania","no migration background","66","0.0855844369466273","0.0631252430492247","0.10804363084403","9"
"9 on Scale 1 to 10","2011","Saxony","direct migration background","","","","","9"
"9 on Scale 1 to 10","2011","Saxony","indirect migration background","2","","","","9"
"9 on Scale 1 to 10","2011","Saxony-Anhalt","no migration background","104","0.102278363927743","0.0832193157283409","0.121337412127146","9"
"9 on Scale 1 to 10","2011","Saxony-Anhalt","direct migration background","3","","","","9"
"9 on Scale 1 to 10","2011","Saxony-Anhalt","indirect migration background","","","","","9"
"9 on Scale 1 to 10","2011","Thuringia","no migration background","116","0.120735908361894","0.10033671715273","0.141135099571057","9"
"9 on Scale 1 to 10","2011","Thuringia","direct migration background","","","","","9"
"9 on Scale 1 to 10","2011","Thuringia","indirect migration background","2","","","","9"
"9 on Scale 1 to 10","2011","Mecklenburg-Western Pomerania","direct migration background","","","","","9"
"9 on Scale 1 to 10","2011","Mecklenburg-Western Pomerania","indirect migration background","","","","","9"
"9 on Scale 1 to 10","2011","Saxony","no migration background","211","0.119021164871454","0.103453358655327","0.134588971087581","9"
"9 on Scale 1 to 10","2011","Schleswig-Holstein","no migration background","117","0.161643852184619","0.135174241318885","0.188113463050353","9"
"9 on Scale 1 to 10","2011","Schleswig-Holstein","direct migration background","17","","","","9"
"9 on Scale 1 to 10","2011","Schleswig-Holstein","indirect migration background","3","","","","9"
"9 on Scale 1 to 10","2011","Hamburg","no migration background","44","0.129136571080444","0.0936470055353999","0.164626136625487","9"
"9 on Scale 1 to 10","2011","Hamburg","direct migration background","8","","","","9"
"9 on Scale 1 to 10","2011","Hamburg","indirect migration background","","","","","9"
"9 on Scale 1 to 10","2011","Lower Saxony","no migration background","239","0.103868096060323","0.0907442396059148","0.116991952514731","9"
"9 on Scale 1 to 10","2011","Lower Saxony","direct migration background","41","0.151406244619912","0.106795028730295","0.196017460509529","9"
"9 on Scale 1 to 10","2011","Lower Saxony","indirect migration background","11","","","","9"
"9 on Scale 1 to 10","2011","Bremen","no migration background","18","","","","9"
"9 on Scale 1 to 10","2011","Bremen","direct migration background","2","","","","9"
"9 on Scale 1 to 10","2011","Bremen","indirect migration background","1","","","","9"
"9 on Scale 1 to 10","2011","North Rhine-Westphalia","no migration background","525","0.129947759131612","0.119575442193971","0.140320076069252","9"
"9 on Scale 1 to 10","2011","North Rhine-Westphalia","direct migration background","104","0.120093112961726","0.098405083085024","0.141781142838429","9"
"9 on Scale 1 to 10","2011","North Rhine-Westphalia","indirect migration background","39","0.13117652758695","0.0957581049895296","0.16659495018437","9"
"9 on Scale 1 to 10","2011","Hesse","indirect migration background","20","","","","9"
"9 on Scale 1 to 10","2011","Rhineland-Palatinate,Saarland","no migration background","166","0.12848373420709","0.109574362409929","0.147393106004251","9"
"9 on Scale 1 to 10","2011","Rhineland-Palatinate,Saarland","direct migration background","28","","","","9"
"9 on Scale 1 to 10","2011","Rhineland-Palatinate,Saarland","indirect migration background","6","","","","9"
"9 on Scale 1 to 10","2011","Baden-Württemberg","no migration background","348","0.122242534257244","0.109345321076441","0.135139747438046","9"
"9 on Scale 1 to 10","2011","Baden-Württemberg","direct migration background","71","0.153309561699643","0.121376496323034","0.185242627076251","9"
"9 on Scale 1 to 10","2011","Baden-Württemberg","indirect migration background","56","0.253106520788809","0.197516714481777","0.308696327095842","9"
"9 on Scale 1 to 10","2011","Bavaria","no migration background","505","0.145716419119532","0.133806083774286","0.157626754464778","9"
"9 on Scale 1 to 10","2011","Bavaria","direct migration background","53","0.115038310471453","0.0851573523898174","0.144919268553089","9"
"9 on Scale 1 to 10","2011","Bavaria","indirect migration background","29","","","","9"
"9 on Scale 1 to 10","2011","Berlin","no migration background","100","0.11512223071569","0.0929498259833769","0.137294635448003","9"
"9 on Scale 1 to 10","2011","Hesse","direct migration background","36","0.118631593169604","0.0825780648898281","0.15468512144938","9"
"9 on Scale 1 to 10","2011","Hesse","no migration background","177","0.142992771120636","0.124428751221613","0.161556791019659","9"
"0 Completely dissatisfied","2012","Hesse","indirect migration background","1","","","","0"
"0 Completely dissatisfied","2012","Rhineland-Palatinate,Saarland","no migration background","7","","","","0"
"0 Completely dissatisfied","2012","Rhineland-Palatinate,Saarland","direct migration background","","","","","0"
"0 Completely dissatisfied","2012","Rhineland-Palatinate,Saarland","indirect migration background","","","","","0"
"0 Completely dissatisfied","2012","Baden-Württemberg","no migration background","10","","","","0"
"0 Completely dissatisfied","2012","Baden-Württemberg","direct migration background","2","","","","0"
"0 Completely dissatisfied","2012","Baden-Württemberg","indirect migration background","3","","","","0"
"0 Completely dissatisfied","2012","Bavaria","no migration background","25","","","","0"
"0 Completely dissatisfied","2012","Bavaria","direct migration background","4","","","","0"
"0 Completely dissatisfied","2012","Bavaria","indirect migration background","2","","","","0"
"0 Completely dissatisfied","2012","Lower Saxony","indirect migration background","2","","","","0"
"0 Completely dissatisfied","2012","Bremen","no migration background","1","","","","0"
"0 Completely dissatisfied","2012","Bremen","direct migration background","","","","","0"
"0 Completely dissatisfied","2012","Lower Saxony","direct migration background","4","","","","0"
"0 Completely dissatisfied","2012","Bremen","indirect migration background","","","","","0"
"0 Completely dissatisfied","2012","North Rhine-Westphalia","no migration background","38","0.0109118049617692","0.00773880018051158","0.0140848097430268","0"
"0 Completely dissatisfied","2012","North Rhine-Westphalia","direct migration background","4","","","","0"
"0 Completely dissatisfied","2012","North Rhine-Westphalia","indirect migration background","3","","","","0"
"0 Completely dissatisfied","2012","Hesse","no migration background","12","","","","0"
"0 Completely dissatisfied","2012","Hesse","direct migration background","4","","","","0"
"0 Completely dissatisfied","2012","Mecklenburg-Western Pomerania","indirect migration background","","","","","0"
"0 Completely dissatisfied","2012","Saxony","no migration background","7","","","","0"
"0 Completely dissatisfied","2012","Saxony","direct migration background","","","","","0"
"0 Completely dissatisfied","2012","Saxony","indirect migration background","","","","","0"
"0 Completely dissatisfied","2012","Saxony-Anhalt","no migration background","11","","","","0"
"0 Completely dissatisfied","2012","Saxony-Anhalt","direct migration background","","","","","0"
"0 Completely dissatisfied","2012","Saxony-Anhalt","indirect migration background","","","","","0"
"0 Completely dissatisfied","2012","Thuringia","no migration background","5","","","","0"
"0 Completely dissatisfied","2012","Thuringia","direct migration background","","","","","0"
"0 Completely dissatisfied","2012","Thuringia","indirect migration background","","","","","0"
"0 Completely dissatisfied","2012","Berlin","no migration background","13","","","","0"
"0 Completely dissatisfied","2012","Berlin","direct migration background","1","","","","0"
"0 Completely dissatisfied","2012","Schleswig-Holstein","direct migration background","","","","","0"
"0 Completely dissatisfied","2012","Schleswig-Holstein","indirect migration background","1","","","","0"
"0 Completely dissatisfied","2012","Hamburg","no migration background","3","","","","0"
"0 Completely dissatisfied","2012","Hamburg","direct migration background","1","","","","0"
"0 Completely dissatisfied","2012","Hamburg","indirect migration background","1","","","","0"
"0 Completely dissatisfied","2012","Lower Saxony","no migration background","13","","","","0"
"0 Completely dissatisfied","2012","Brandenburg","no migration background","11","","","","0"
"0 Completely dissatisfied","2012","Mecklenburg-Western Pomerania","no migration background","7","","","","0"
"0 Completely dissatisfied","2012","Mecklenburg-Western Pomerania","direct migration background","","","","","0"
"0 Completely dissatisfied","2012","Berlin","indirect migration background","","","","","0"
"0 Completely dissatisfied","2012","Brandenburg","direct migration background","","","","","0"
"0 Completely dissatisfied","2012","Brandenburg","indirect migration background","","","","","0"
"0 Completely dissatisfied","2012","Schleswig-Holstein","no migration background","6","","","","0"
"1 on Scale 1 to 10","2012","Mecklenburg-Western Pomerania","indirect migration background","","","","","1"
"1 on Scale 1 to 10","2012","Saxony","no migration background","22","","","","1"
"1 on Scale 1 to 10","2012","Saxony","direct migration background","","","","","1"
"1 on Scale 1 to 10","2012","Saxony","indirect migration background","","","","","1"
"1 on Scale 1 to 10","2012","Saxony-Anhalt","no migration background","17","","","","1"
"1 on Scale 1 to 10","2012","Saxony-Anhalt","direct migration background","1","","","","1"
"1 on Scale 1 to 10","2012","Saxony-Anhalt","indirect migration background","","","","","1"
"1 on Scale 1 to 10","2012","Thuringia","no migration background","8","","","","1"
"1 on Scale 1 to 10","2012","Thuringia","direct migration background","","","","","1"
"1 on Scale 1 to 10","2012","Thuringia","indirect migration background","2","","","","1"
"1 on Scale 1 to 10","2012","Schleswig-Holstein","no migration background","9","","","","1"
"1 on Scale 1 to 10","2012","Schleswig-Holstein","direct migration background","","","","","1"
"1 on Scale 1 to 10","2012","Schleswig-Holstein","indirect migration background","1","","","","1"
"1 on Scale 1 to 10","2012","Hamburg","no migration background","1","","","","1"
"1 on Scale 1 to 10","2012","Hamburg","direct migration background","","","","","1"
"1 on Scale 1 to 10","2012","Hamburg","indirect migration background","","","","","1"
"1 on Scale 1 to 10","2012","Lower Saxony","no migration background","22","","","","1"
"1 on Scale 1 to 10","2012","Lower Saxony","direct migration background","2","","","","1"
"1 on Scale 1 to 10","2012","Lower Saxony","indirect migration background","1","","","","1"
"1 on Scale 1 to 10","2012","Bremen","no migration background","7","","","","1"
"1 on Scale 1 to 10","2012","Bremen","direct migration background","","","","","1"
"1 on Scale 1 to 10","2012","Bremen","indirect migration background","","","","","1"
"1 on Scale 1 to 10","2012","North Rhine-Westphalia","no migration background","38","0.00974821664313086","0.0067473940382918","0.0127490392479699","1"
"1 on Scale 1 to 10","2012","North Rhine-Westphalia","direct migration background","8","","","","1"
"1 on Scale 1 to 10","2012","North Rhine-Westphalia","indirect migration background","2","","","","1"
"1 on Scale 1 to 10","2012","Hesse","no migration background","17","","","","1"
"1 on Scale 1 to 10","2012","Hesse","direct migration background","2","","","","1"
"1 on Scale 1 to 10","2012","Hesse","indirect migration background","1","","","","1"
"1 on Scale 1 to 10","2012","Rhineland-Palatinate,Saarland","no migration background","11","","","","1"
"1 on Scale 1 to 10","2012","Rhineland-Palatinate,Saarland","direct migration background","","","","","1"
"1 on Scale 1 to 10","2012","Rhineland-Palatinate,Saarland","indirect migration background","","","","","1"
"1 on Scale 1 to 10","2012","Baden-Württemberg","no migration background","17","","","","1"
"1 on Scale 1 to 10","2012","Baden-Württemberg","direct migration background","4","","","","1"
"1 on Scale 1 to 10","2012","Baden-Württemberg","indirect migration background","","","","","1"
"1 on Scale 1 to 10","2012","Bavaria","no migration background","38","0.0149944794934152","0.010966518052827","0.0190224409340035","1"
"1 on Scale 1 to 10","2012","Bavaria","direct migration background","6","","","","1"
"1 on Scale 1 to 10","2012","Bavaria","indirect migration background","1","","","","1"
"1 on Scale 1 to 10","2012","Berlin","no migration background","20","","","","1"
"1 on Scale 1 to 10","2012","Berlin","direct migration background","2","","","","1"
"1 on Scale 1 to 10","2012","Berlin","indirect migration background","2","","","","1"
"1 on Scale 1 to 10","2012","Brandenburg","no migration background","13","","","","1"
"1 on Scale 1 to 10","2012","Brandenburg","direct migration background","","","","","1"
"1 on Scale 1 to 10","2012","Brandenburg","indirect migration background","","","","","1"
"1 on Scale 1 to 10","2012","Mecklenburg-Western Pomerania","no migration background","7","","","","1"
"1 on Scale 1 to 10","2012","Mecklenburg-Western Pomerania","direct migration background","","","","","1"
"10 Completely satisfied","2012","Schleswig-Holstein","no migration background","97","0.100900379829808","0.0801581286428526","0.121642631016764","10"
"10 Completely satisfied","2012","Schleswig-Holstein","direct migration background","9","","","","10"
"10 Completely satisfied","2012","Schleswig-Holstein","indirect migration background","2","","","","10"
"10 Completely satisfied","2012","Hamburg","no migration background","41","0.104343251686284","0.0717526239624322","0.136933879410136","10"
"10 Completely satisfied","2012","Hamburg","direct migration background","6","","","","10"
"10 Completely satisfied","2012","Hamburg","indirect migration background","2","","","","10"
"10 Completely satisfied","2012","Lower Saxony","no migration background","223","0.097450085247756","0.0848406582899697","0.110059512205542","10"
"10 Completely satisfied","2012","Lower Saxony","direct migration background","33","0.127766416365013","0.0857068135606456","0.169826019169381","10"
"10 Completely satisfied","2012","Lower Saxony","indirect migration background","9","","","","10"
"10 Completely satisfied","2012","Bremen","no migration background","33","0.211426947906859","0.146937469141902","0.275916426671816","10"
"10 Completely satisfied","2012","Bremen","direct migration background","6","","","","10"
"10 Completely satisfied","2012","Bremen","indirect migration background","","","","","10"
"10 Completely satisfied","2012","North Rhine-Westphalia","no migration background","511","0.108991101815332","0.0994731947056687","0.118509008924996","10"
"10 Completely satisfied","2012","North Rhine-Westphalia","direct migration background","137","0.132082752105307","0.109571460329496","0.154594043881119","10"
"10 Completely satisfied","2012","North Rhine-Westphalia","indirect migration background","53","0.120419926820904","0.0859276463862789","0.154912207255529","10"
"10 Completely satisfied","2012","Hesse","no migration background","154","0.125127428877225","0.107960810002487","0.142294047751964","10"
"10 Completely satisfied","2012","Hesse","direct migration background","35","0.118804602396116","0.0817564099825464","0.155852794809685","10"
"10 Completely satisfied","2012","Hesse","indirect migration background","11","","","","10"
"10 Completely satisfied","2012","Rhineland-Palatinate,Saarland","no migration background","131","0.100725226381921","0.0838783966168842","0.117572056146957","10"
"10 Completely satisfied","2012","Rhineland-Palatinate,Saarland","direct migration background","18","","","","10"
"10 Completely satisfied","2012","Rhineland-Palatinate,Saarland","indirect migration background","7","","","","10"
"10 Completely satisfied","2012","Baden-Württemberg","no migration background","267","0.104388905167295","0.092381528594374","0.116396281740215","10"
"10 Completely satisfied","2012","Baden-Württemberg","direct migration background","43","0.0807985243148039","0.0564691106376141","0.105127937991994","10"
"10 Completely satisfied","2012","Baden-Württemberg","indirect migration background","23","","","","10"
"10 Completely satisfied","2012","Bavaria","no migration background","446","0.126066962575122","0.115065764146134","0.13706816100411","10"
"10 Completely satisfied","2012","Bavaria","direct migration background","68","0.116650099289493","0.0876909346234851","0.1456092639555","10"
"10 Completely satisfied","2012","Bavaria","indirect migration background","29","","","","10"
"10 Completely satisfied","2012","Berlin","no migration background","82","0.0989635442644444","0.0789242520995832","0.119002836429306","10"
"10 Completely satisfied","2012","Berlin","direct migration background","4","","","","10"
"10 Completely satisfied","2012","Berlin","indirect migration background","3","","","","10"
"10 Completely satisfied","2012","Brandenburg","no migration background","70","0.0809463347323209","0.0642811768041019","0.0976114926605399","10"
"10 Completely satisfied","2012","Brandenburg","direct migration background","7","","","","10"
"10 Completely satisfied","2012","Brandenburg","indirect migration background","","","","","10"
"10 Completely satisfied","2012","Mecklenburg-Western Pomerania","no migration background","50","0.0762148616577176","0.0550363833066516","0.0973933400087835","10"
"10 Completely satisfied","2012","Mecklenburg-Western Pomerania","direct migration background","2","","","","10"
"10 Completely satisfied","2012","Mecklenburg-Western Pomerania","indirect migration background","1","","","","10"
"10 Completely satisfied","2012","Saxony","no migration background","150","0.104599948256547","0.09013274959762","0.119067146915475","10"
"10 Completely satisfied","2012","Saxony","direct migration background","4","","","","10"
"10 Completely satisfied","2012","Saxony","indirect migration background","4","","","","10"
"10 Completely satisfied","2012","Saxony-Anhalt","no migration background","85","0.0832287233383085","0.0658634319947421","0.100594014681875","10"
"10 Completely satisfied","2012","Saxony-Anhalt","direct migration background","4","","","","10"
"10 Completely satisfied","2012","Saxony-Anhalt","indirect migration background","4","","","","10"
"10 Completely satisfied","2012","Thuringia","no migration background","124","0.13817209761258","0.116890322246364","0.159453872978796","10"
"10 Completely satisfied","2012","Thuringia","direct migration background","2","","","","10"
"10 Completely satisfied","2012","Thuringia","indirect migration background","1","","","","10"
"2 on Scale 1 to 10","2012","Bremen","no migration background","7","","","","2"
"2 on Scale 1 to 10","2012","Hamburg","indirect migration background","","","","","2"
"2 on Scale 1 to 10","2012","Lower Saxony","no migration background","67","0.0337975436151234","0.0261142883711753","0.0414807988590715","2"
"2 on Scale 1 to 10","2012","Lower Saxony","direct migration background","5","","","","2"
"2 on Scale 1 to 10","2012","North Rhine-Westphalia","no migration background","100","0.0242017451684317","0.0195081213372676","0.0288953689995959","2"
"2 on Scale 1 to 10","2012","Bremen","direct migration background","","","","","2"
"2 on Scale 1 to 10","2012","Bremen","indirect migration background","","","","","2"
"2 on Scale 1 to 10","2012","Schleswig-Holstein","no migration background","29","","","","2"
"2 on Scale 1 to 10","2012","Schleswig-Holstein","direct migration background","1","","","","2"
"2 on Scale 1 to 10","2012","Schleswig-Holstein","indirect migration background","5","","","","2"
"2 on Scale 1 to 10","2012","Hamburg","no migration background","16","","","","2"
"2 on Scale 1 to 10","2012","Hamburg","direct migration background","1","","","","2"
"2 on Scale 1 to 10","2012","Lower Saxony","indirect migration background","2","","","","2"
"2 on Scale 1 to 10","2012","Hesse","indirect migration background","6","","","","2"
"2 on Scale 1 to 10","2012","Rhineland-Palatinate,Saarland","no migration background","30","0.025295046358521","0.016505687786261","0.034084404930781","2"
"2 on Scale 1 to 10","2012","Rhineland-Palatinate,Saarland","direct migration background","6","","","","2"
"2 on Scale 1 to 10","2012","Rhineland-Palatinate,Saarland","indirect migration background","1","","","","2"
"2 on Scale 1 to 10","2012","Baden-Württemberg","no migration background","54","0.0259319814779185","0.0196907006984229","0.0321732622574142","2"
"2 on Scale 1 to 10","2012","Baden-Württemberg","direct migration background","19","","","","2"
"2 on Scale 1 to 10","2012","Baden-Württemberg","indirect migration background","4","","","","2"
"2 on Scale 1 to 10","2012","Bavaria","no migration background","86","0.0280830559304193","0.022607388864519","0.0335587229963196","2"
"2 on Scale 1 to 10","2012","Bavaria","direct migration background","18","","","","2"
"2 on Scale 1 to 10","2012","Bavaria","indirect migration background","5","","","","2"
"2 on Scale 1 to 10","2012","Berlin","no migration background","26","","","","2"
"2 on Scale 1 to 10","2012","Berlin","direct migration background","5","","","","2"
"2 on Scale 1 to 10","2012","Berlin","indirect migration background","1","","","","2"
"2 on Scale 1 to 10","2012","Brandenburg","no migration background","32","0.0282191250445486","0.0181010860344966","0.0383371640546007","2"
"2 on Scale 1 to 10","2012","Brandenburg","direct migration background","","","","","2"
"2 on Scale 1 to 10","2012","Brandenburg","indirect migration background","1","","","","2"
"2 on Scale 1 to 10","2012","Mecklenburg-Western Pomerania","no migration background","22","","","","2"
"2 on Scale 1 to 10","2012","Mecklenburg-Western Pomerania","direct migration background","","","","","2"
"2 on Scale 1 to 10","2012","Mecklenburg-Western Pomerania","indirect migration background","","","","","2"
"2 on Scale 1 to 10","2012","Saxony","no migration background","55","0.0387861953598613","0.0296585503206037","0.0479138403991189","2"
"2 on Scale 1 to 10","2012","Saxony","direct migration background","4","","","","2"
"2 on Scale 1 to 10","2012","Saxony","indirect migration background","","","","","2"
"2 on Scale 1 to 10","2012","Saxony-Anhalt","no migration background","41","0.0467405097169989","0.0334706219584888","0.0600103974755091","2"
"2 on Scale 1 to 10","2012","Saxony-Anhalt","direct migration background","","","","","2"
"2 on Scale 1 to 10","2012","Saxony-Anhalt","indirect migration background","","","","","2"
"2 on Scale 1 to 10","2012","Thuringia","no migration background","33","0.0323632633744942","0.0214496206596112","0.0432769060893772","2"
"2 on Scale 1 to 10","2012","North Rhine-Westphalia","direct migration background","23","","","","2"
"2 on Scale 1 to 10","2012","North Rhine-Westphalia","indirect migration background","12","","","","2"
"2 on Scale 1 to 10","2012","Hesse","no migration background","36","0.022454220559923","0.0147672777657863","0.0301411633540598","2"
"2 on Scale 1 to 10","2012","Hesse","direct migration background","11","","","","2"
"2 on Scale 1 to 10","2012","Thuringia","direct migration background","","","","","2"
"2 on Scale 1 to 10","2012","Thuringia","indirect migration background","","","","","2"
"3 on Scale 1 to 10","2012","Hesse","indirect migration background","6","","","","3"
"3 on Scale 1 to 10","2012","Rhineland-Palatinate,Saarland","no migration background","60","0.051027853969867","0.0387100513526909","0.0633456565870431","3"
"3 on Scale 1 to 10","2012","Rhineland-Palatinate,Saarland","direct migration background","10","","","","3"
"3 on Scale 1 to 10","2012","Rhineland-Palatinate,Saarland","indirect migration background","7","","","","3"
"3 on Scale 1 to 10","2012","Baden-Württemberg","no migration background","114","0.0522668704451394","0.0435267482028872","0.0610069926873915","3"
"3 on Scale 1 to 10","2012","Baden-Württemberg","direct migration background","30","0.0720326817205744","0.0489516241481638","0.0951137392929849","3"
"3 on Scale 1 to 10","2012","Lower Saxony","direct migration background","12","","","","3"
"3 on Scale 1 to 10","2012","Lower Saxony","indirect migration background","3","","","","3"
"3 on Scale 1 to 10","2012","Bremen","no migration background","8","","","","3"
"3 on Scale 1 to 10","2012","Bremen","direct migration background","1","","","","3"
"3 on Scale 1 to 10","2012","Bremen","indirect migration background","1","","","","3"
"3 on Scale 1 to 10","2012","North Rhine-Westphalia","no migration background","259","0.0650271808922813","0.0574961942737031","0.0725581675108596","3"
"3 on Scale 1 to 10","2012","Mecklenburg-Western Pomerania","indirect migration background","","","","","3"
"3 on Scale 1 to 10","2012","Saxony","no migration background","86","0.057559059472302","0.0465488883450351","0.068569230599569","3"
"3 on Scale 1 to 10","2012","Saxony","direct migration background","3","","","","3"
"3 on Scale 1 to 10","2012","Saxony","indirect migration background","4","","","","3"
"3 on Scale 1 to 10","2012","Saxony-Anhalt","no migration background","70","0.0691240660438648","0.0531771944194273","0.0850709376683024","3"
"3 on Scale 1 to 10","2012","Saxony-Anhalt","direct migration background","","","","","3"
"3 on Scale 1 to 10","2012","Brandenburg","direct migration background","5","","","","3"
"3 on Scale 1 to 10","2012","Brandenburg","indirect migration background","","","","","3"
"3 on Scale 1 to 10","2012","Mecklenburg-Western Pomerania","no migration background","34","0.0542340325161033","0.0361574126773737","0.0723106523548329","3"
"3 on Scale 1 to 10","2012","Mecklenburg-Western Pomerania","direct migration background","2","","","","3"
"3 on Scale 1 to 10","2012","Schleswig-Holstein","direct migration background","4","","","","3"
"3 on Scale 1 to 10","2012","Schleswig-Holstein","indirect migration background","2","","","","3"
"3 on Scale 1 to 10","2012","Hamburg","no migration background","20","","","","3"
"3 on Scale 1 to 10","2012","Hamburg","direct migration background","1","","","","3"
"3 on Scale 1 to 10","2012","Hamburg","indirect migration background","1","","","","3"
"3 on Scale 1 to 10","2012","Lower Saxony","no migration background","121","0.0509151653035501","0.0415687576388119","0.0602615729682882","3"
"3 on Scale 1 to 10","2012","North Rhine-Westphalia","direct migration background","40","0.0511222830555629","0.0364786631697336","0.0657659029413921","3"
"3 on Scale 1 to 10","2012","North Rhine-Westphalia","indirect migration background","20","","","","3"
"3 on Scale 1 to 10","2012","Hesse","no migration background","80","0.0596452882549255","0.0473576044336293","0.0719329720762217","3"
"3 on Scale 1 to 10","2012","Hesse","direct migration background","22","","","","3"
"3 on Scale 1 to 10","2012","Baden-Württemberg","indirect migration background","7","","","","3"
"3 on Scale 1 to 10","2012","Bavaria","no migration background","196","0.0555835510730763","0.0479898203862374","0.0631772817599153","3"
"3 on Scale 1 to 10","2012","Bavaria","direct migration background","23","","","","3"
"3 on Scale 1 to 10","2012","Bavaria","indirect migration background","14","","","","3"
"3 on Scale 1 to 10","2012","Berlin","indirect migration background","2","","","","3"
"3 on Scale 1 to 10","2012","Brandenburg","no migration background","79","0.0643749933614225","0.0493798744987993","0.0793701122240456","3"
"3 on Scale 1 to 10","2012","Thuringia","indirect migration background","1","","","","3"
"3 on Scale 1 to 10","2012","Schleswig-Holstein","no migration background","36","0.0477439714299233","0.0330600613021183","0.0624278815577283","3"
"3 on Scale 1 to 10","2012","Saxony-Anhalt","indirect migration background","1","","","","3"
"3 on Scale 1 to 10","2012","Thuringia","no migration background","52","0.0434795202941589","0.0309025245901412","0.0560565159981766","3"
"3 on Scale 1 to 10","2012","Thuringia","direct migration background","","","","","3"
"3 on Scale 1 to 10","2012","Berlin","no migration background","65","0.0897684117834339","0.0705856427539485","0.108951180812919","3"
"3 on Scale 1 to 10","2012","Berlin","direct migration background","9","","","","3"
"4 on Scale 1 to 10","2012","Schleswig-Holstein","no migration background","45","0.0652903998565107","0.0482778818699067","0.0823029178431147","4"
"4 on Scale 1 to 10","2012","Schleswig-Holstein","direct migration background","6","","","","4"
"4 on Scale 1 to 10","2012","Schleswig-Holstein","indirect migration background","1","","","","4"
"4 on Scale 1 to 10","2012","Hamburg","no migration background","16","","","","4"
"4 on Scale 1 to 10","2012","Hamburg","direct migration background","","","","","4"
"4 on Scale 1 to 10","2012","Hamburg","indirect migration background","1","","","","4"
"4 on Scale 1 to 10","2012","Mecklenburg-Western Pomerania","indirect migration background","","","","","4"
"4 on Scale 1 to 10","2012","Saxony","no migration background","100","0.0626316981138475","0.0511775609975617","0.0740858352301333","4"
"4 on Scale 1 to 10","2012","Saxony","direct migration background","6","","","","4"
"4 on Scale 1 to 10","2012","Saxony","indirect migration background","","","","","4"
"4 on Scale 1 to 10","2012","Saxony-Anhalt","no migration background","65","0.0688754669497875","0.052955171563294","0.0847957623362809","4"
"4 on Scale 1 to 10","2012","Saxony-Anhalt","direct migration background","2","","","","4"
"4 on Scale 1 to 10","2012","Saxony-Anhalt","indirect migration background","1","","","","4"
"4 on Scale 1 to 10","2012","Thuringia","no migration background","81","0.0902047955692702","0.0725373387274239","0.107872252411117","4"
"4 on Scale 1 to 10","2012","Thuringia","direct migration background","1","","","","4"
"4 on Scale 1 to 10","2012","Hesse","indirect migration background","9","","","","4"
"4 on Scale 1 to 10","2012","Rhineland-Palatinate,Saarland","no migration background","72","0.067904008974589","0.0538214725374105","0.0819865454117674","4"
"4 on Scale 1 to 10","2012","Rhineland-Palatinate,Saarland","direct migration background","7","","","","4"
"4 on Scale 1 to 10","2012","Rhineland-Palatinate,Saarland","indirect migration background","9","","","","4"
"4 on Scale 1 to 10","2012","Baden-Württemberg","no migration background","151","0.0632280506586514","0.0536707981075586","0.0727853032097443","4"
"4 on Scale 1 to 10","2012","Baden-Württemberg","direct migration background","26","","","","4"
"4 on Scale 1 to 10","2012","Baden-Württemberg","indirect migration background","13","","","","4"
"4 on Scale 1 to 10","2012","Bavaria","no migration background","203","0.0639506286358742","0.0558415397321549","0.0720597175395935","4"
"4 on Scale 1 to 10","2012","Bavaria","direct migration background","29","","","","4"
"4 on Scale 1 to 10","2012","Bavaria","indirect migration background","17","","","","4"
"4 on Scale 1 to 10","2012","Berlin","no migration background","59","0.0638463522149128","0.0474398807657142","0.0802528236641115","4"
"4 on Scale 1 to 10","2012","Berlin","direct migration background","7","","","","4"
"4 on Scale 1 to 10","2012","Berlin","indirect migration background","","","","","4"
"4 on Scale 1 to 10","2012","Brandenburg","no migration background","67","0.081202416511306","0.0645132440481599","0.097891588974452","4"
"4 on Scale 1 to 10","2012","Brandenburg","direct migration background","","","","","4"
"4 on Scale 1 to 10","2012","Brandenburg","indirect migration background","","","","","4"
"4 on Scale 1 to 10","2012","Mecklenburg-Western Pomerania","no migration background","40","0.0631983707564793","0.0437776119409309","0.0826191295720277","4"
"4 on Scale 1 to 10","2012","Mecklenburg-Western Pomerania","direct migration background","1","","","","4"
"4 on Scale 1 to 10","2012","Thuringia","indirect migration background","","","","","4"
"4 on Scale 1 to 10","2012","Lower Saxony","direct migration background","16","","","","4"
"4 on Scale 1 to 10","2012","Lower Saxony","no migration background","113","0.0559967285707625","0.0462212798641985","0.0657721772773265","4"
"4 on Scale 1 to 10","2012","Lower Saxony","indirect migration background","4","","","","4"
"4 on Scale 1 to 10","2012","North Rhine-Westphalia","no migration background","263","0.0646770629652172","0.0571649716708971","0.0721891542595373","4"
"4 on Scale 1 to 10","2012","North Rhine-Westphalia","indirect migration background","26","","","","4"
"4 on Scale 1 to 10","2012","Hesse","direct migration background","18","","","","4"
"4 on Scale 1 to 10","2012","Bremen","no migration background","4","","","","4"
"4 on Scale 1 to 10","2012","Bremen","direct migration background","2","","","","4"
"4 on Scale 1 to 10","2012","Hesse","no migration background","108","0.0781363509199024","0.0642113250023763","0.0920613768374285","4"
"4 on Scale 1 to 10","2012","Bremen","indirect migration background","1","","","","4"
"4 on Scale 1 to 10","2012","North Rhine-Westphalia","direct migration background","52","0.0595046448834932","0.043775976206203","0.0752333135607834","4"
"5 on Scale 1 to 10","2012","Schleswig-Holstein","no migration background","83","0.0847229466514659","0.0655458704115569","0.103900022891375","5"
"5 on Scale 1 to 10","2012","Schleswig-Holstein","direct migration background","10","","","","5"
"5 on Scale 1 to 10","2012","Schleswig-Holstein","indirect migration background","3","","","","5"
"5 on Scale 1 to 10","2012","Hamburg","no migration background","28","","","","5"
"5 on Scale 1 to 10","2012","Hamburg","direct migration background","3","","","","5"
"5 on Scale 1 to 10","2012","Hamburg","indirect migration background","2","","","","5"
"5 on Scale 1 to 10","2012","Lower Saxony","no migration background","252","0.145862173674272","0.130854826060752","0.160869521287792","5"
"5 on Scale 1 to 10","2012","Lower Saxony","direct migration background","25","","","","5"
"5 on Scale 1 to 10","2012","Hesse","indirect migration background","12","","","","5"
"5 on Scale 1 to 10","2012","Rhineland-Palatinate,Saarland","no migration background","158","0.124546091562134","0.106062577146504","0.143029605977763","5"
"5 on Scale 1 to 10","2012","Rhineland-Palatinate,Saarland","direct migration background","15","","","","5"
"5 on Scale 1 to 10","2012","Rhineland-Palatinate,Saarland","indirect migration background","8","","","","5"
"5 on Scale 1 to 10","2012","Baden-Württemberg","no migration background","281","0.119419079835648","0.106684555634428","0.132153604036868","5"
"5 on Scale 1 to 10","2012","Baden-Württemberg","direct migration background","63","0.113805550989056","0.0854543926527147","0.142156709325397","5"
"5 on Scale 1 to 10","2012","Baden-Württemberg","indirect migration background","22","","","","5"
"5 on Scale 1 to 10","2012","Bavaria","no migration background","388","0.114612325519846","0.104054300834209","0.125170350205482","5"
"5 on Scale 1 to 10","2012","Bavaria","direct migration background","51","0.108638287515797","0.0805648538173622","0.136711721214231","5"
"5 on Scale 1 to 10","2012","Bavaria","indirect migration background","29","","","","5"
"5 on Scale 1 to 10","2012","Berlin","no migration background","103","0.138213065875806","0.115052558008469","0.161373573743142","5"
"5 on Scale 1 to 10","2012","Berlin","direct migration background","8","","","","5"
"5 on Scale 1 to 10","2012","Berlin","indirect migration background","9","","","","5"
"5 on Scale 1 to 10","2012","Brandenburg","no migration background","136","0.153321024511053","0.131306939068783","0.175335109953323","5"
"5 on Scale 1 to 10","2012","Brandenburg","direct migration background","3","","","","5"
"5 on Scale 1 to 10","2012","Brandenburg","indirect migration background","","","","","5"
"5 on Scale 1 to 10","2012","Mecklenburg-Western Pomerania","no migration background","80","0.114315183376037","0.0889182667401529","0.13971210001192","5"
"5 on Scale 1 to 10","2012","Mecklenburg-Western Pomerania","direct migration background","1","","","","5"
"5 on Scale 1 to 10","2012","Mecklenburg-Western Pomerania","indirect migration background","","","","","5"
"5 on Scale 1 to 10","2012","Saxony","no migration background","199","0.116514372631936","0.101347374000175","0.131681371263696","5"
"5 on Scale 1 to 10","2012","Saxony","direct migration background","5","","","","5"
"5 on Scale 1 to 10","2012","Saxony","indirect migration background","2","","","","5"
"5 on Scale 1 to 10","2012","Lower Saxony","indirect migration background","7","","","","5"
"5 on Scale 1 to 10","2012","Bremen","no migration background","22","","","","5"
"5 on Scale 1 to 10","2012","Bremen","direct migration background","1","","","","5"
"5 on Scale 1 to 10","2012","Bremen","indirect migration background","","","","","5"
"5 on Scale 1 to 10","2012","North Rhine-Westphalia","no migration background","466","0.123568780863631","0.113517573789693","0.133619987937569","5"
"5 on Scale 1 to 10","2012","North Rhine-Westphalia","direct migration background","99","0.111050454114391","0.0901605268218563","0.131940381406926","5"
"5 on Scale 1 to 10","2012","North Rhine-Westphalia","indirect migration background","39","0.109526223619556","0.0764280018090015","0.142624445430111","5"
"5 on Scale 1 to 10","2012","Hesse","no migration background","164","0.109086385822985","0.09291157615923","0.125261195486739","5"
"5 on Scale 1 to 10","2012","Hesse","direct migration background","39","0.142182467181802","0.102193999469749","0.182170934893855","5"
"5 on Scale 1 to 10","2012","Saxony-Anhalt","no migration background","128","0.128704812577109","0.107652732688023","0.149756892466194","5"
"5 on Scale 1 to 10","2012","Saxony-Anhalt","direct migration background","4","","","","5"
"5 on Scale 1 to 10","2012","Saxony-Anhalt","indirect migration background","1","","","","5"
"5 on Scale 1 to 10","2012","Thuringia","no migration background","123","0.116912022458625","0.0970958863314393","0.136728158585811","5"
"5 on Scale 1 to 10","2012","Thuringia","direct migration background","3","","","","5"
"5 on Scale 1 to 10","2012","Thuringia","indirect migration background","2","","","","5"
"6 on Scale 1 to 10","2012","Schleswig-Holstein","no migration background","85","0.112699219941922","0.0909220485940995","0.134476391289744","6"
"6 on Scale 1 to 10","2012","Bremen","no migration background","9","","","","6"
"6 on Scale 1 to 10","2012","Bremen","direct migration background","3","","","","6"
"6 on Scale 1 to 10","2012","Bremen","indirect migration background","3","","","","6"
"6 on Scale 1 to 10","2012","North Rhine-Westphalia","no migration background","436","0.10320418205955","0.0939123713228083","0.112495992796291","6"
"6 on Scale 1 to 10","2012","North Rhine-Westphalia","direct migration background","94","0.107660679209542","0.087052872334056","0.128268486085028","6"
"6 on Scale 1 to 10","2012","North Rhine-Westphalia","indirect migration background","38","0.0882528820364305","0.0581895795901103","0.118316184482751","6"
"6 on Scale 1 to 10","2012","Hesse","no migration background","168","0.106262151172229","0.090272813240883","0.122251489103574","6"
"6 on Scale 1 to 10","2012","Hesse","direct migration background","24","","","","6"
"6 on Scale 1 to 10","2012","Hesse","indirect migration background","11","","","","6"
"6 on Scale 1 to 10","2012","Rhineland-Palatinate,Saarland","no migration background","116","0.0867923031573484","0.0710333180859639","0.102551288228733","6"
"6 on Scale 1 to 10","2012","Schleswig-Holstein","direct migration background","9","","","","6"
"6 on Scale 1 to 10","2012","Schleswig-Holstein","indirect migration background","3","","","","6"
"6 on Scale 1 to 10","2012","Hamburg","no migration background","47","0.119968297025326","0.0853287545793103","0.154607839471342","6"
"6 on Scale 1 to 10","2012","Hamburg","direct migration background","5","","","","6"
"6 on Scale 1 to 10","2012","Hamburg","indirect migration background","2","","","","6"
"6 on Scale 1 to 10","2012","Lower Saxony","no migration background","216","0.0874366058350239","0.0754265012017838","0.0994467104682641","6"
"6 on Scale 1 to 10","2012","Lower Saxony","direct migration background","31","0.134572482686819","0.0915759048935897","0.177569060480048","6"
"6 on Scale 1 to 10","2012","Lower Saxony","indirect migration background","7","","","","6"
"6 on Scale 1 to 10","2012","Mecklenburg-Western Pomerania","indirect migration background","1","","","","6"
"6 on Scale 1 to 10","2012","Saxony","no migration background","212","0.106901893229111","0.0922951822727722","0.121508604185449","6"
"6 on Scale 1 to 10","2012","Baden-Württemberg","direct migration background","58","0.0987910789425475","0.0721534124450333","0.125428745440062","6"
"6 on Scale 1 to 10","2012","Rhineland-Palatinate,Saarland","direct migration background","21","","","","6"
"6 on Scale 1 to 10","2012","Rhineland-Palatinate,Saarland","indirect migration background","10","","","","6"
"6 on Scale 1 to 10","2012","Baden-Württemberg","no migration background","286","0.116337147140644","0.103746045451918","0.128928248829371","6"
"6 on Scale 1 to 10","2012","Baden-Württemberg","indirect migration background","35","0.133321945860631","0.0887075125365172","0.177936379184745","6"
"6 on Scale 1 to 10","2012","Bavaria","no migration background","353","0.111344795209328","0.100919175490395","0.12177041492826","6"
"6 on Scale 1 to 10","2012","Berlin","indirect migration background","3","","","","6"
"6 on Scale 1 to 10","2012","Brandenburg","no migration background","101","0.0837336413575738","0.0668097096827597","0.100657573032388","6"
"6 on Scale 1 to 10","2012","Brandenburg","direct migration background","4","","","","6"
"6 on Scale 1 to 10","2012","Brandenburg","indirect migration background","2","","","","6"
"6 on Scale 1 to 10","2012","Mecklenburg-Western Pomerania","no migration background","67","0.153756803009266","0.12496597200541","0.182547634013122","6"
"6 on Scale 1 to 10","2012","Mecklenburg-Western Pomerania","direct migration background","","","","","6"
"6 on Scale 1 to 10","2012","Saxony-Anhalt","indirect migration background","","","","","6"
"6 on Scale 1 to 10","2012","Thuringia","no migration background","103","0.0976604645940409","0.0793528487793914","0.11596808040869","6"
"6 on Scale 1 to 10","2012","Bavaria","direct migration background","57","0.132118122721275","0.101569713575643","0.162666531866907","6"
"6 on Scale 1 to 10","2012","Bavaria","indirect migration background","18","","","","6"
"6 on Scale 1 to 10","2012","Berlin","no migration background","83","0.100061309354541","0.0799234581298432","0.120199160579238","6"
"6 on Scale 1 to 10","2012","Berlin","direct migration background","6","","","","6"
"6 on Scale 1 to 10","2012","Saxony","direct migration background","5","","","","6"
"6 on Scale 1 to 10","2012","Saxony","indirect migration background","4","","","","6"
"6 on Scale 1 to 10","2012","Saxony-Anhalt","no migration background","103","0.118197017041637","0.0979013187346974","0.138492715348576","6"
"6 on Scale 1 to 10","2012","Saxony-Anhalt","direct migration background","3","","","","6"
"6 on Scale 1 to 10","2012","Thuringia","direct migration background","6","","","","6"
"6 on Scale 1 to 10","2012","Thuringia","indirect migration background","1","","","","6"
"7 on Scale 1 to 10","2012","Hesse","indirect migration background","15","","","","7"
"7 on Scale 1 to 10","2012","Rhineland-Palatinate,Saarland","no migration background","180","0.152871479129776","0.132727709706896","0.173015248552657","7"
"7 on Scale 1 to 10","2012","Rhineland-Palatinate,Saarland","direct migration background","36","0.12421780521744","0.0769443583618059","0.171491252073073","7"
"7 on Scale 1 to 10","2012","Rhineland-Palatinate,Saarland","indirect migration background","11","","","","7"
"7 on Scale 1 to 10","2012","Mecklenburg-Western Pomerania","indirect migration background","2","","","","7"
"7 on Scale 1 to 10","2012","Saxony","no migration background","278","0.163052790895366","0.145589611966664","0.180515969824067","7"
"7 on Scale 1 to 10","2012","Saxony","direct migration background","2","","","","7"
"7 on Scale 1 to 10","2012","Saxony","indirect migration background","3","","","","7"
"7 on Scale 1 to 10","2012","Schleswig-Holstein","no migration background","138","0.182402733337475","0.155808286097179","0.20899718057777","7"
"7 on Scale 1 to 10","2012","Schleswig-Holstein","direct migration background","20","","","","7"
"7 on Scale 1 to 10","2012","Schleswig-Holstein","indirect migration background","4","","","","7"
"7 on Scale 1 to 10","2012","Hamburg","no migration background","44","0.123582499647006","0.0884973164125762","0.158667682881435","7"
"7 on Scale 1 to 10","2012","Hamburg","direct migration background","5","","","","7"
"7 on Scale 1 to 10","2012","Hamburg","indirect migration background","4","","","","7"
"7 on Scale 1 to 10","2012","Lower Saxony","no migration background","353","0.155956004980402","0.140530044413436","0.171381965547368","7"
"7 on Scale 1 to 10","2012","Lower Saxony","direct migration background","33","0.182957934661722","0.134245678942847","0.231670190380597","7"
"7 on Scale 1 to 10","2012","Lower Saxony","indirect migration background","10","","","","7"
"7 on Scale 1 to 10","2012","Bremen","no migration background","23","","","","7"
"7 on Scale 1 to 10","2012","Bremen","direct migration background","5","","","","7"
"7 on Scale 1 to 10","2012","Bremen","indirect migration background","1","","","","7"
"7 on Scale 1 to 10","2012","North Rhine-Westphalia","no migration background","607","0.142820710937849","0.13213418978418","0.153507232091518","7"
"7 on Scale 1 to 10","2012","North Rhine-Westphalia","direct migration background","126","0.133978590655053","0.111331093195998","0.156626088114108","7"
"7 on Scale 1 to 10","2012","North Rhine-Westphalia","indirect migration background","55","0.199959294991585","0.157569445130084","0.242349144853087","7"
"7 on Scale 1 to 10","2012","Hesse","no migration background","231","0.16614053193762","0.146828839553335","0.185452224321904","7"
"7 on Scale 1 to 10","2012","Hesse","direct migration background","44","0.141460891290788","0.101557250945744","0.181364531635832","7"
"7 on Scale 1 to 10","2012","Baden-Württemberg","no migration background","434","0.192582941445995","0.177097660273715","0.208068222618276","7"
"7 on Scale 1 to 10","2012","Baden-Württemberg","direct migration background","64","0.130960020886626","0.100842874645421","0.161077167127831","7"
"7 on Scale 1 to 10","2012","Baden-Württemberg","indirect migration background","33","0.139623965403143","0.0941335611816743","0.185114369624612","7"
"7 on Scale 1 to 10","2012","Bavaria","no migration background","534","0.14358062613862","0.131958343358812","0.155202908918428","7"
"7 on Scale 1 to 10","2012","Bavaria","direct migration background","62","0.112268081039953","0.0837876761467037","0.140748485933203","7"
"7 on Scale 1 to 10","2012","Bavaria","indirect migration background","39","0.132834334329394","0.0878840707638157","0.177784597894973","7"
"7 on Scale 1 to 10","2012","Berlin","no migration background","128","0.143255713009892","0.119745576042875","0.166765849976909","7"
"7 on Scale 1 to 10","2012","Berlin","direct migration background","10","","","","7"
"7 on Scale 1 to 10","2012","Berlin","indirect migration background","9","","","","7"
"7 on Scale 1 to 10","2012","Brandenburg","no migration background","164","0.164586026724776","0.141929791151941","0.18724226229761","7"
"7 on Scale 1 to 10","2012","Brandenburg","direct migration background","5","","","","7"
"7 on Scale 1 to 10","2012","Brandenburg","indirect migration background","1","","","","7"
"7 on Scale 1 to 10","2012","Mecklenburg-Western Pomerania","no migration background","91","0.134092172111582","0.1068947976552","0.161289546567965","7"
"7 on Scale 1 to 10","2012","Mecklenburg-Western Pomerania","direct migration background","5","","","","7"
"7 on Scale 1 to 10","2012","Saxony-Anhalt","no migration background","161","0.158142547070086","0.135204385696404","0.181080708443768","7"
"7 on Scale 1 to 10","2012","Saxony-Anhalt","direct migration background","5","","","","7"
"7 on Scale 1 to 10","2012","Saxony-Anhalt","indirect migration background","2","","","","7"
"7 on Scale 1 to 10","2012","Thuringia","no migration background","175","0.154102829933278","0.131836353508297","0.176369306358258","7"
"7 on Scale 1 to 10","2012","Thuringia","direct migration background","4","","","","7"
"7 on Scale 1 to 10","2012","Thuringia","indirect migration background","2","","","","7"
"8 on Scale 1 to 10","2012","Schleswig-Holstein","no migration background","156","0.188009257441294","0.161101919231135","0.214916595651454","8"
"8 on Scale 1 to 10","2012","Schleswig-Holstein","direct migration background","22","","","","8"
"8 on Scale 1 to 10","2012","Schleswig-Holstein","indirect migration background","4","","","","8"
"8 on Scale 1 to 10","2012","Hamburg","no migration background","77","0.224609547694702","0.180119376994218","0.269099718395186","8"
"8 on Scale 1 to 10","2012","Hamburg","direct migration background","10","","","","8"
"8 on Scale 1 to 10","2012","Hamburg","indirect migration background","3","","","","8"
"8 on Scale 1 to 10","2012","Lower Saxony","no migration background","470","0.230738651070666","0.212825757128145","0.248651545013186","8"
"8 on Scale 1 to 10","2012","Lower Saxony","direct migration background","53","0.166336532245064","0.11941959916854","0.213253465321588","8"
"8 on Scale 1 to 10","2012","Lower Saxony","indirect migration background","18","","","","8"
"8 on Scale 1 to 10","2012","Bremen","no migration background","20","","","","8"
"8 on Scale 1 to 10","2012","Bremen","direct migration background","6","","","","8"
"8 on Scale 1 to 10","2012","Bremen","indirect migration background","2","","","","8"
"8 on Scale 1 to 10","2012","North Rhine-Westphalia","no migration background","901","0.220430687060575","0.207769678144853","0.233091695976297","8"
"8 on Scale 1 to 10","2012","North Rhine-Westphalia","direct migration background","193","0.235283242374316","0.207080976365484","0.263485508383147","8"
"8 on Scale 1 to 10","2012","North Rhine-Westphalia","indirect migration background","57","0.186975446362597","0.145653653328241","0.228297239396952","8"
"8 on Scale 1 to 10","2012","Hesse","no migration background","297","0.191370874354182","0.170960605993668","0.211781142714697","8"
"8 on Scale 1 to 10","2012","Hesse","direct migration background","60","0.192308532154721","0.147181548578183","0.237435515731259","8"
"8 on Scale 1 to 10","2012","Hesse","indirect migration background","31","0.341018112357646","0.255845479496477","0.426190745218816","8"
"8 on Scale 1 to 10","2012","Rhineland-Palatinate,Saarland","no migration background","279","0.240270314086901","0.216354649040639","0.264185979133163","8"
"8 on Scale 1 to 10","2012","Rhineland-Palatinate,Saarland","direct migration background","41","0.188599404325105","0.132531398832772","0.244667409817439","8"
"8 on Scale 1 to 10","2012","Rhineland-Palatinate,Saarland","indirect migration background","20","","","","8"
"8 on Scale 1 to 10","2012","Baden-Württemberg","no migration background","508","0.183154216730728","0.167964848038258","0.198343585423198","8"
"8 on Scale 1 to 10","2012","Baden-Württemberg","direct migration background","106","0.220152797063307","0.183162192010264","0.257143402116351","8"
"8 on Scale 1 to 10","2012","Baden-Württemberg","indirect migration background","47","0.184885368240384","0.133933950216149","0.235836786264619","8"
"8 on Scale 1 to 10","2012","Bavaria","no migration background","696","0.192456377452155","0.179390173761062","0.205522581143247","8"
"8 on Scale 1 to 10","2012","Bavaria","direct migration background","92","0.216281456838763","0.179139327663154","0.253423586014373","8"
"8 on Scale 1 to 10","2012","Bavaria","indirect migration background","33","0.13453528430413","0.0893425292856092","0.179728039322651","8"
"8 on Scale 1 to 10","2012","Berlin","no migration background","173","0.182086750721524","0.156188742156082","0.207984759286967","8"
"8 on Scale 1 to 10","2012","Berlin","direct migration background","14","","","","8"
"8 on Scale 1 to 10","2012","Berlin","indirect migration background","7","","","","8"
"8 on Scale 1 to 10","2012","Brandenburg","no migration background","227","0.211987245986435","0.187014753372803","0.236959738600066","8"
"8 on Scale 1 to 10","2012","Brandenburg","direct migration background","4","","","","8"
"8 on Scale 1 to 10","2012","Mecklenburg-Western Pomerania","indirect migration background","2","","","","8"
"8 on Scale 1 to 10","2012","Saxony","no migration background","413","0.227759059813195","0.207933548616377","0.247584571010014","8"
"8 on Scale 1 to 10","2012","Saxony","direct migration background","4","","","","8"
"8 on Scale 1 to 10","2012","Saxony","indirect migration background","1","","","","8"
"8 on Scale 1 to 10","2012","Saxony-Anhalt","no migration background","186","0.193876083456084","0.169023131481726","0.218729035430442","8"
"8 on Scale 1 to 10","2012","Saxony-Anhalt","direct migration background","3","","","","8"
"8 on Scale 1 to 10","2012","Saxony-Anhalt","indirect migration background","4","","","","8"
"8 on Scale 1 to 10","2012","Thuringia","no migration background","193","0.203400810271259","0.178576129434226","0.228225491108292","8"
"8 on Scale 1 to 10","2012","Thuringia","direct migration background","","","","","8"
"8 on Scale 1 to 10","2012","Thuringia","indirect migration background","3","","","","8"
"8 on Scale 1 to 10","2012","Brandenburg","indirect migration background","4","","","","8"
"8 on Scale 1 to 10","2012","Mecklenburg-Western Pomerania","no migration background","133","0.212047369851411","0.179421963111385","0.244672776591437","8"
"8 on Scale 1 to 10","2012","Mecklenburg-Western Pomerania","direct migration background","3","","","","8"
"9 on Scale 1 to 10","2012","Mecklenburg-Western Pomerania","indirect migration background","1","","","","9"
"9 on Scale 1 to 10","2012","Saxony","no migration background","197","0.104896713622863","0.090411407772575","0.11938201947315","9"
"9 on Scale 1 to 10","2012","Saxony","direct migration background","3","","","","9"
"9 on Scale 1 to 10","2012","Saxony","indirect migration background","1","","","","9"
"9 on Scale 1 to 10","2012","Saxony-Anhalt","no migration background","105","0.104568296952147","0.0853315687266797","0.123805025177614","9"
"9 on Scale 1 to 10","2012","Saxony-Anhalt","direct migration background","1","","","","9"
"9 on Scale 1 to 10","2012","Saxony-Anhalt","indirect migration background","2","","","","9"
"9 on Scale 1 to 10","2012","Thuringia","no migration background","113","0.106001427788141","0.0870163808923836","0.124986474683897","9"
"9 on Scale 1 to 10","2012","Thuringia","direct migration background","","","","","9"
"9 on Scale 1 to 10","2012","Thuringia","indirect migration background","","","","","9"
"9 on Scale 1 to 10","2012","Schleswig-Holstein","no migration background","126","0.162484043333896","0.137079728545096","0.187888358122695","9"
"9 on Scale 1 to 10","2012","Schleswig-Holstein","direct migration background","14","","","","9"
"9 on Scale 1 to 10","2012","Schleswig-Holstein","indirect migration background","4","","","","9"
"9 on Scale 1 to 10","2012","Hamburg","no migration background","45","0.142984288359941","0.105665434951122","0.180303141768761","9"
"9 on Scale 1 to 10","2012","Hamburg","direct migration background","8","","","","9"
"9 on Scale 1 to 10","2012","Hamburg","indirect migration background","8","","","","9"
"9 on Scale 1 to 10","2012","Lower Saxony","no migration background","275","0.118969829735113","0.105204632637582","0.132735026832645","9"
"9 on Scale 1 to 10","2012","Lower Saxony","direct migration background","28","","","","9"
"9 on Scale 1 to 10","2012","Lower Saxony","indirect migration background","11","","","","9"
"9 on Scale 1 to 10","2012","Bremen","no migration background","20","","","","9"
"9 on Scale 1 to 10","2012","Bremen","direct migration background","4","","","","9"
"9 on Scale 1 to 10","2012","Bremen","indirect migration background","1","","","","9"
"9 on Scale 1 to 10","2012","North Rhine-Westphalia","no migration background","499","0.126418526632232","0.116268621346086","0.136568431918378","9"
"9 on Scale 1 to 10","2012","North Rhine-Westphalia","direct migration background","93","0.123526303351504","0.101649323396106","0.145403283306903","9"
"9 on Scale 1 to 10","2012","Hesse","indirect migration background","16","","","","9"
"9 on Scale 1 to 10","2012","Rhineland-Palatinate,Saarland","no migration background","182","0.139398969957508","0.120010945046887","0.158786994868129","9"
"9 on Scale 1 to 10","2012","Rhineland-Palatinate,Saarland","direct migration background","33","0.197392036343308","0.140343588374277","0.254440484312339","9"
"9 on Scale 1 to 10","2012","Rhineland-Palatinate,Saarland","indirect migration background","11","","","","9"
"9 on Scale 1 to 10","2012","Baden-Württemberg","no migration background","369","0.127729473171669","0.114621595283747","0.140837351059591","9"
"9 on Scale 1 to 10","2012","Baden-Württemberg","direct migration background","67","0.16396269841244","0.130909771151821","0.19701562567306","9"
"9 on Scale 1 to 10","2012","Baden-Württemberg","indirect migration background","36","0.157582743022593","0.109762297837867","0.205403188207318","9"
"9 on Scale 1 to 10","2012","Bavaria","no migration background","532","0.137744234155004","0.126321895220728","0.14916657308928","9"
"9 on Scale 1 to 10","2012","Bavaria","direct migration background","62","0.0805203059292934","0.0559731675322899","0.105067444326297","9"
"9 on Scale 1 to 10","2012","Bavaria","indirect migration background","32","0.178716793869961","0.127976241919732","0.229457345820189","9"
"9 on Scale 1 to 10","2012","Berlin","no migration background","101","0.106716188259773","0.0859964884240109","0.127435888095536","9"
"9 on Scale 1 to 10","2012","Berlin","direct migration background","10","","","","9"
"9 on Scale 1 to 10","2012","Berlin","indirect migration background","6","","","","9"
"9 on Scale 1 to 10","2012","Brandenburg","no migration background","129","0.113960650052966","0.0945453383430068","0.133375961762925","9"
"9 on Scale 1 to 10","2012","Brandenburg","direct migration background","9","","","","9"
"9 on Scale 1 to 10","2012","Brandenburg","indirect migration background","","","","","9"
"9 on Scale 1 to 10","2012","Mecklenburg-Western Pomerania","no migration background","72","0.111153670735162","0.0860657492838151","0.13624159218651","9"
"9 on Scale 1 to 10","2012","Mecklenburg-Western Pomerania","direct migration background","1","","","","9"
"9 on Scale 1 to 10","2012","Hesse","no migration background","160","0.119093966315283","0.102288685402143","0.135899247228423","9"
"9 on Scale 1 to 10","2012","Hesse","direct migration background","34","0.130775214725053","0.0921702595578729","0.169380169892233","9"
"9 on Scale 1 to 10","2012","North Rhine-Westphalia","indirect migration background","37","0.142120314369107","0.105113959450961","0.179126669287253","9"
"0 Completely dissatisfied","2013","Schleswig-Holstein","no migration background","4","","","","0"
"0 Completely dissatisfied","2013","Schleswig-Holstein","direct migration background","3","","","","0"
"0 Completely dissatisfied","2013","Schleswig-Holstein","indirect migration background","","","","","0"
"0 Completely dissatisfied","2013","Hamburg","no migration background","2","","","","0"
"0 Completely dissatisfied","2013","Hamburg","direct migration background","1","","","","0"
"0 Completely dissatisfied","2013","Hamburg","indirect migration background","","","","","0"
"0 Completely dissatisfied","2013","Lower Saxony","no migration background","15","","","","0"
"0 Completely dissatisfied","2013","Lower Saxony","direct migration background","3","","","","0"
"0 Completely dissatisfied","2013","Lower Saxony","indirect migration background","","","","","0"
"0 Completely dissatisfied","2013","Bremen","no migration background","1","","","","0"
"0 Completely dissatisfied","2013","Bremen","direct migration background","1","","","","0"
"0 Completely dissatisfied","2013","Bremen","indirect migration background","","","","","0"
"0 Completely dissatisfied","2013","North Rhine-Westphalia","no migration background","31","0.0080301439165108","0.00527767726167829","0.0107826105713433","0"
"0 Completely dissatisfied","2013","North Rhine-Westphalia","direct migration background","8","","","","0"
"0 Completely dissatisfied","2013","North Rhine-Westphalia","indirect migration background","2","","","","0"
"0 Completely dissatisfied","2013","Hesse","no migration background","8","","","","0"
"0 Completely dissatisfied","2013","Hesse","direct migration background","3","","","","0"
"0 Completely dissatisfied","2013","Hesse","indirect migration background","","","","","0"
"0 Completely dissatisfied","2013","Rhineland-Palatinate,Saarland","no migration background","4","","","","0"
"0 Completely dissatisfied","2013","Rhineland-Palatinate,Saarland","direct migration background","1","","","","0"
"0 Completely dissatisfied","2013","Rhineland-Palatinate,Saarland","indirect migration background","1","","","","0"
"0 Completely dissatisfied","2013","Baden-Württemberg","no migration background","5","","","","0"
"0 Completely dissatisfied","2013","Baden-Württemberg","direct migration background","2","","","","0"
"0 Completely dissatisfied","2013","Baden-Württemberg","indirect migration background","1","","","","0"
"0 Completely dissatisfied","2013","Bavaria","no migration background","24","","","","0"
"0 Completely dissatisfied","2013","Bavaria","direct migration background","5","","","","0"
"0 Completely dissatisfied","2013","Bavaria","indirect migration background","1","","","","0"
"0 Completely dissatisfied","2013","Berlin","no migration background","8","","","","0"
"0 Completely dissatisfied","2013","Berlin","direct migration background","1","","","","0"
"0 Completely dissatisfied","2013","Berlin","indirect migration background","1","","","","0"
"0 Completely dissatisfied","2013","Brandenburg","no migration background","9","","","","0"
"0 Completely dissatisfied","2013","Brandenburg","direct migration background","","","","","0"
"0 Completely dissatisfied","2013","Brandenburg","indirect migration background","","","","","0"
"0 Completely dissatisfied","2013","Mecklenburg-Western Pomerania","no migration background","6","","","","0"
"0 Completely dissatisfied","2013","Mecklenburg-Western Pomerania","direct migration background","","","","","0"
"0 Completely dissatisfied","2013","Mecklenburg-Western Pomerania","indirect migration background","","","","","0"
"0 Completely dissatisfied","2013","Saxony","no migration background","13","","","","0"
"0 Completely dissatisfied","2013","Saxony","direct migration background","1","","","","0"
"0 Completely dissatisfied","2013","Saxony","indirect migration background","","","","","0"
"0 Completely dissatisfied","2013","Saxony-Anhalt","no migration background","5","","","","0"
"0 Completely dissatisfied","2013","Saxony-Anhalt","direct migration background","","","","","0"
"0 Completely dissatisfied","2013","Saxony-Anhalt","indirect migration background","","","","","0"
"0 Completely dissatisfied","2013","Thuringia","no migration background","3","","","","0"
"0 Completely dissatisfied","2013","Thuringia","direct migration background","","","","","0"
"0 Completely dissatisfied","2013","Thuringia","indirect migration background","1","","","","0"
"1 on Scale 1 to 10","2013","Schleswig-Holstein","no migration background","6","","","","1"
"1 on Scale 1 to 10","2013","Schleswig-Holstein","direct migration background","1","","","","1"
"1 on Scale 1 to 10","2013","Schleswig-Holstein","indirect migration background","1","","","","1"
"1 on Scale 1 to 10","2013","Hamburg","no migration background","5","","","","1"
"1 on Scale 1 to 10","2013","Hamburg","direct migration background","","","","","1"
"1 on Scale 1 to 10","2013","Hamburg","indirect migration background","","","","","1"
"1 on Scale 1 to 10","2013","Lower Saxony","no migration background","15","","","","1"
"1 on Scale 1 to 10","2013","Lower Saxony","direct migration background","1","","","","1"
"1 on Scale 1 to 10","2013","Lower Saxony","indirect migration background","","","","","1"
"1 on Scale 1 to 10","2013","Bremen","no migration background","2","","","","1"
"1 on Scale 1 to 10","2013","Bremen","direct migration background","","","","","1"
"1 on Scale 1 to 10","2013","Berlin","direct migration background","1","","","","1"
"1 on Scale 1 to 10","2013","Berlin","indirect migration background","1","","","","1"
"1 on Scale 1 to 10","2013","Brandenburg","no migration background","16","","","","1"
"1 on Scale 1 to 10","2013","Brandenburg","direct migration background","","","","","1"
"1 on Scale 1 to 10","2013","Brandenburg","indirect migration background","1","","","","1"
"1 on Scale 1 to 10","2013","Mecklenburg-Western Pomerania","no migration background","9","","","","1"
"1 on Scale 1 to 10","2013","Mecklenburg-Western Pomerania","direct migration background","","","","","1"
"1 on Scale 1 to 10","2013","Mecklenburg-Western Pomerania","indirect migration background","","","","","1"
"1 on Scale 1 to 10","2013","Saxony","no migration background","13","","","","1"
"1 on Scale 1 to 10","2013","Saxony","direct migration background","","","","","1"
"1 on Scale 1 to 10","2013","Saxony","indirect migration background","","","","","1"
"1 on Scale 1 to 10","2013","Saxony-Anhalt","no migration background","10","","","","1"
"1 on Scale 1 to 10","2013","Saxony-Anhalt","direct migration background","","","","","1"
"1 on Scale 1 to 10","2013","Saxony-Anhalt","indirect migration background","","","","","1"
"1 on Scale 1 to 10","2013","Thuringia","no migration background","6","","","","1"
"1 on Scale 1 to 10","2013","Thuringia","direct migration background","","","","","1"
"1 on Scale 1 to 10","2013","Thuringia","indirect migration background","","","","","1"
"1 on Scale 1 to 10","2013","Bavaria","indirect migration background","1","","","","1"
"1 on Scale 1 to 10","2013","Berlin","no migration background","11","","","","1"
"1 on Scale 1 to 10","2013","Baden-Württemberg","direct migration background","6","","","","1"
"1 on Scale 1 to 10","2013","Bremen","indirect migration background","","","","","1"
"1 on Scale 1 to 10","2013","North Rhine-Westphalia","no migration background","50","0.0106083531351484","0.00744884652517589","0.0137678597451209","1"
"1 on Scale 1 to 10","2013","North Rhine-Westphalia","direct migration background","7","","","","1"
"1 on Scale 1 to 10","2013","North Rhine-Westphalia","indirect migration background","5","","","","1"
"1 on Scale 1 to 10","2013","Hesse","no migration background","14","","","","1"
"1 on Scale 1 to 10","2013","Hesse","direct migration background","4","","","","1"
"1 on Scale 1 to 10","2013","Rhineland-Palatinate,Saarland","indirect migration background","1","","","","1"
"1 on Scale 1 to 10","2013","Baden-Württemberg","no migration background","11","","","","1"
"1 on Scale 1 to 10","2013","Baden-Württemberg","indirect migration background","2","","","","1"
"1 on Scale 1 to 10","2013","Bavaria","no migration background","41","0.0144483204430603","0.0104414028755156","0.018455238010605","1"
"1 on Scale 1 to 10","2013","Bavaria","direct migration background","5","","","","1"
"1 on Scale 1 to 10","2013","Hesse","indirect migration background","1","","","","1"
"1 on Scale 1 to 10","2013","Rhineland-Palatinate,Saarland","no migration background","12","","","","1"
"1 on Scale 1 to 10","2013","Rhineland-Palatinate,Saarland","direct migration background","2","","","","1"
"10 Completely satisfied","2013","Schleswig-Holstein","no migration background","85","0.0986995539774244","0.0780187656561435","0.119380342298705","10"
"10 Completely satisfied","2013","Schleswig-Holstein","direct migration background","9","","","","10"
"10 Completely satisfied","2013","Hamburg","indirect migration background","1","","","","10"
"10 Completely satisfied","2013","Lower Saxony","no migration background","220","0.0976686230191177","0.0851781528568857","0.11015909318135","10"
"10 Completely satisfied","2013","Lower Saxony","direct migration background","31","0.189266633903773","0.139076747244132","0.239456520563414","10"
"10 Completely satisfied","2013","Lower Saxony","indirect migration background","16","","","","10"
"10 Completely satisfied","2013","Bremen","no migration background","22","","","","10"
"10 Completely satisfied","2013","Bremen","direct migration background","2","","","","10"
"10 Completely satisfied","2013","Bremen","indirect migration background","1","","","","10"
"10 Completely satisfied","2013","Hesse","no migration background","126","0.0915919628206277","0.0763511530965538","0.106832772544702","10"
"10 Completely satisfied","2013","Hesse","direct migration background","49","0.15573579354307","0.113563974949277","0.197907612136863","10"
"10 Completely satisfied","2013","Hesse","indirect migration background","9","","","","10"
"10 Completely satisfied","2013","Berlin","direct migration background","9","","","","10"
"10 Completely satisfied","2013","Berlin","indirect migration background","3","","","","10"
"10 Completely satisfied","2013","Brandenburg","no migration background","65","0.0638103874783091","0.0485312467117043","0.0790895282449139","10"
"10 Completely satisfied","2013","Brandenburg","direct migration background","7","","","","10"
"10 Completely satisfied","2013","Brandenburg","indirect migration background","2","","","","10"
"10 Completely satisfied","2013","Mecklenburg-Western Pomerania","indirect migration background","1","","","","10"
"10 Completely satisfied","2013","Saxony","no migration background","156","0.102084961875449","0.0875161744664534","0.116653749284445","10"
"10 Completely satisfied","2013","Saxony","direct migration background","6","","","","10"
"10 Completely satisfied","2013","Saxony","indirect migration background","2","","","","10"
"10 Completely satisfied","2013","Saxony-Anhalt","no migration background","80","0.0863604104993859","0.0683844760454147","0.104336344953357","10"
"10 Completely satisfied","2013","Saxony-Anhalt","direct migration background","2","","","","10"
"10 Completely satisfied","2013","Saxony-Anhalt","indirect migration background","4","","","","10"
"10 Completely satisfied","2013","Schleswig-Holstein","indirect migration background","3","","","","10"
"10 Completely satisfied","2013","Hamburg","no migration background","37","0.0980687617629891","0.0666860401844774","0.129451483341501","10"
"10 Completely satisfied","2013","Hamburg","direct migration background","5","","","","10"
"10 Completely satisfied","2013","North Rhine-Westphalia","no migration background","470","0.111046652369048","0.101357107353682","0.120736197384415","10"
"10 Completely satisfied","2013","North Rhine-Westphalia","direct migration background","77","0.0960731028059104","0.0752853758358697","0.116860829775951","10"
"10 Completely satisfied","2013","North Rhine-Westphalia","indirect migration background","49","0.169917144477813","0.129640416660801","0.210193872294825","10"
"10 Completely satisfied","2013","Mecklenburg-Western Pomerania","no migration background","46","0.0747223707174675","0.0530984084222565","0.0963463330126785","10"
"10 Completely satisfied","2013","Mecklenburg-Western Pomerania","direct migration background","1","","","","10"
"10 Completely satisfied","2013","Thuringia","no migration background","78","0.0828030954971254","0.0655314689035634","0.100074722090688","10"
"10 Completely satisfied","2013","Thuringia","direct migration background","1","","","","10"
"10 Completely satisfied","2013","Thuringia","indirect migration background","1","","","","10"
"10 Completely satisfied","2013","Rhineland-Palatinate,Saarland","no migration background","138","0.114188240526435","0.0961107320020684","0.132265749050802","10"
"10 Completely satisfied","2013","Rhineland-Palatinate,Saarland","direct migration background","17","","","","10"
"10 Completely satisfied","2013","Rhineland-Palatinate,Saarland","indirect migration background","2","","","","10"
"10 Completely satisfied","2013","Baden-Württemberg","no migration background","251","0.102007724232976","0.0898687005243032","0.114146747941649","10"
"10 Completely satisfied","2013","Baden-Württemberg","direct migration background","49","0.0982787765964828","0.0702068490553647","0.126350704137601","10"
"10 Completely satisfied","2013","Baden-Württemberg","indirect migration background","16","","","","10"
"10 Completely satisfied","2013","Bavaria","no migration background","403","0.110507056390353","0.0999794828678606","0.121034629912845","10"
"10 Completely satisfied","2013","Bavaria","direct migration background","61","0.123244946777113","0.0924953425426213","0.153994551011605","10"
"10 Completely satisfied","2013","Bavaria","indirect migration background","25","","","","10"
"10 Completely satisfied","2013","Berlin","no migration background","78","0.0954610716667598","0.0760019684455586","0.114920174887961","10"
"2 on Scale 1 to 10","2013","Lower Saxony","no migration background","78","0.0479207895261336","0.0389337480196111","0.0569078310326561","2"
"2 on Scale 1 to 10","2013","Lower Saxony","direct migration background","5","","","","2"
"2 on Scale 1 to 10","2013","Lower Saxony","indirect migration background","1","","","","2"
"2 on Scale 1 to 10","2013","Schleswig-Holstein","no migration background","25","","","","2"
"2 on Scale 1 to 10","2013","Schleswig-Holstein","direct migration background","1","","","","2"
"2 on Scale 1 to 10","2013","Schleswig-Holstein","indirect migration background","1","","","","2"
"2 on Scale 1 to 10","2013","Hamburg","no migration background","7","","","","2"
"2 on Scale 1 to 10","2013","Hamburg","direct migration background","2","","","","2"
"2 on Scale 1 to 10","2013","Hamburg","indirect migration background","","","","","2"
"2 on Scale 1 to 10","2013","Bremen","no migration background","4","","","","2"
"2 on Scale 1 to 10","2013","Bremen","direct migration background","","","","","2"
"2 on Scale 1 to 10","2013","Bremen","indirect migration background","","","","","2"
"2 on Scale 1 to 10","2013","North Rhine-Westphalia","no migration background","128","0.035339800934535","0.0296456313919636","0.0410339704771063","2"
"2 on Scale 1 to 10","2013","North Rhine-Westphalia","direct migration background","28","","","","2"
"2 on Scale 1 to 10","2013","North Rhine-Westphalia","indirect migration background","4","","","","2"
"2 on Scale 1 to 10","2013","Hesse","no migration background","53","0.0351325659229544","0.0254044747272631","0.0448606571186457","2"
"2 on Scale 1 to 10","2013","Hesse","direct migration background","12","","","","2"
"2 on Scale 1 to 10","2013","Hesse","indirect migration background","7","","","","2"
"2 on Scale 1 to 10","2013","Rhineland-Palatinate,Saarland","no migration background","32","0.021642891398745","0.0133717869297865","0.0299139958677035","2"
"2 on Scale 1 to 10","2013","Rhineland-Palatinate,Saarland","direct migration background","3","","","","2"
"2 on Scale 1 to 10","2013","Rhineland-Palatinate,Saarland","indirect migration background","2","","","","2"
"2 on Scale 1 to 10","2013","Baden-Württemberg","no migration background","59","0.0239775983943526","0.0178419048005227","0.0301132919881826","2"
"2 on Scale 1 to 10","2013","Baden-Württemberg","direct migration background","13","","","","2"
"2 on Scale 1 to 10","2013","Baden-Württemberg","indirect migration background","5","","","","2"
"2 on Scale 1 to 10","2013","Bavaria","no migration background","92","0.0337219427638157","0.0276605925646925","0.0397832929629389","2"
"2 on Scale 1 to 10","2013","Bavaria","direct migration background","20","","","","2"
"2 on Scale 1 to 10","2013","Bavaria","indirect migration background","11","","","","2"
"2 on Scale 1 to 10","2013","Berlin","no migration background","44","0.0585304597765455","0.0429854806723191","0.0740754388807719","2"
"2 on Scale 1 to 10","2013","Berlin","direct migration background","5","","","","2"
"2 on Scale 1 to 10","2013","Berlin","indirect migration background","2","","","","2"
"2 on Scale 1 to 10","2013","Brandenburg","no migration background","35","0.0384100629709823","0.0263960306329767","0.0504240953089879","2"
"2 on Scale 1 to 10","2013","Brandenburg","direct migration background","1","","","","2"
"2 on Scale 1 to 10","2013","Brandenburg","indirect migration background","","","","","2"
"2 on Scale 1 to 10","2013","Mecklenburg-Western Pomerania","no migration background","15","","","","2"
"2 on Scale 1 to 10","2013","Mecklenburg-Western Pomerania","direct migration background","","","","","2"
"2 on Scale 1 to 10","2013","Mecklenburg-Western Pomerania","indirect migration background","1","","","","2"
"2 on Scale 1 to 10","2013","Saxony","no migration background","47","0.0340587281914656","0.0253307335161567","0.0427867228667745","2"
"2 on Scale 1 to 10","2013","Saxony","direct migration background","2","","","","2"
"2 on Scale 1 to 10","2013","Saxony","indirect migration background","","","","","2"
"2 on Scale 1 to 10","2013","Saxony-Anhalt","no migration background","28","","","","2"
"2 on Scale 1 to 10","2013","Saxony-Anhalt","direct migration background","1","","","","2"
"2 on Scale 1 to 10","2013","Saxony-Anhalt","indirect migration background","","","","","2"
"2 on Scale 1 to 10","2013","Thuringia","no migration background","30","0.0309151214925769","0.0200672370333901","0.0417630059517638","2"
"2 on Scale 1 to 10","2013","Thuringia","direct migration background","","","","","2"
"2 on Scale 1 to 10","2013","Thuringia","indirect migration background","","","","","2"
"3 on Scale 1 to 10","2013","Schleswig-Holstein","no migration background","40","0.0648222589699888","0.047750280170228","0.0818942377697497","3"
"3 on Scale 1 to 10","2013","Schleswig-Holstein","direct migration background","3","","","","3"
"3 on Scale 1 to 10","2013","Schleswig-Holstein","indirect migration background","2","","","","3"
"3 on Scale 1 to 10","2013","Hamburg","no migration background","19","","","","3"
"3 on Scale 1 to 10","2013","Hamburg","direct migration background","","","","","3"
"3 on Scale 1 to 10","2013","Hamburg","indirect migration background","1","","","","3"
"3 on Scale 1 to 10","2013","Lower Saxony","no migration background","104","0.0506284905522045","0.0414041822251757","0.0598527988792332","3"
"3 on Scale 1 to 10","2013","Lower Saxony","direct migration background","11","","","","3"
"3 on Scale 1 to 10","2013","Lower Saxony","indirect migration background","4","","","","3"
"3 on Scale 1 to 10","2013","Bremen","no migration background","9","","","","3"
"3 on Scale 1 to 10","2013","Bremen","direct migration background","","","","","3"
"3 on Scale 1 to 10","2013","Bremen","indirect migration background","2","","","","3"
"3 on Scale 1 to 10","2013","North Rhine-Westphalia","no migration background","233","0.0635101388799026","0.0559889891336047","0.0710312886262005","3"
"3 on Scale 1 to 10","2013","North Rhine-Westphalia","direct migration background","42","0.0570052990362278","0.0406502563822265","0.0733603416902291","3"
"3 on Scale 1 to 10","2013","North Rhine-Westphalia","indirect migration background","18","","","","3"
"3 on Scale 1 to 10","2013","Hesse","no migration background","67","0.0515279053024156","0.0398471104377931","0.0632087001670381","3"
"3 on Scale 1 to 10","2013","Hesse","direct migration background","18","","","","3"
"3 on Scale 1 to 10","2013","Hesse","indirect migration background","10","","","","3"
"3 on Scale 1 to 10","2013","Rhineland-Palatinate,Saarland","no migration background","64","0.0643175367680665","0.050373577342199","0.078261496193934","3"
"3 on Scale 1 to 10","2013","Rhineland-Palatinate,Saarland","direct migration background","9","","","","3"
"3 on Scale 1 to 10","2013","Rhineland-Palatinate,Saarland","indirect migration background","9","","","","3"
"3 on Scale 1 to 10","2013","Baden-Württemberg","no migration background","109","0.0562267603252082","0.0469875194483586","0.0654660012020578","3"
"3 on Scale 1 to 10","2013","Baden-Württemberg","direct migration background","23","","","","3"
"3 on Scale 1 to 10","2013","Baden-Württemberg","indirect migration background","3","","","","3"
"3 on Scale 1 to 10","2013","Berlin","direct migration background","6","","","","3"
"3 on Scale 1 to 10","2013","Berlin","indirect migration background","3","","","","3"
"3 on Scale 1 to 10","2013","Brandenburg","no migration background","63","0.0576689052946955","0.0430960736771349","0.0722417369122561","3"
"3 on Scale 1 to 10","2013","Brandenburg","direct migration background","2","","","","3"
"3 on Scale 1 to 10","2013","Brandenburg","indirect migration background","1","","","","3"
"3 on Scale 1 to 10","2013","Mecklenburg-Western Pomerania","no migration background","43","0.0711753044776274","0.0500304126890104","0.0923201962662443","3"
"3 on Scale 1 to 10","2013","Mecklenburg-Western Pomerania","direct migration background","","","","","3"
"3 on Scale 1 to 10","2013","Mecklenburg-Western Pomerania","indirect migration background","","","","","3"
"3 on Scale 1 to 10","2013","Saxony","no migration background","101","0.05606814554537","0.0449980003991271","0.0671382906916129","3"
"3 on Scale 1 to 10","2013","Saxony","direct migration background","2","","","","3"
"3 on Scale 1 to 10","2013","Saxony","indirect migration background","1","","","","3"
"3 on Scale 1 to 10","2013","Saxony-Anhalt","no migration background","61","0.0681532537232142","0.0520259332679032","0.0842805741785253","3"
"3 on Scale 1 to 10","2013","Saxony-Anhalt","direct migration background","1","","","","3"
"3 on Scale 1 to 10","2013","Saxony-Anhalt","indirect migration background","1","","","","3"
"3 on Scale 1 to 10","2013","Thuringia","no migration background","48","0.0561324085086205","0.0417065708864606","0.0705582461307804","3"
"3 on Scale 1 to 10","2013","Thuringia","direct migration background","","","","","3"
"3 on Scale 1 to 10","2013","Thuringia","indirect migration background","","","","","3"
"3 on Scale 1 to 10","2013","Bavaria","no migration background","167","0.0517555502314546","0.0443167885722171","0.059194311890692","3"
"3 on Scale 1 to 10","2013","Bavaria","indirect migration background","11","","","","3"
"3 on Scale 1 to 10","2013","Berlin","no migration background","67","0.0928010818671978","0.0735868149542487","0.112015348780147","3"
"3 on Scale 1 to 10","2013","Bavaria","direct migration background","19","","","","3"
"4 on Scale 1 to 10","2013","Schleswig-Holstein","no migration background","63","0.0919654514667211","0.071928195722874","0.112002707210568","4"
"4 on Scale 1 to 10","2013","Schleswig-Holstein","direct migration background","4","","","","4"
"4 on Scale 1 to 10","2013","Schleswig-Holstein","indirect migration background","","","","","4"
"4 on Scale 1 to 10","2013","Hamburg","no migration background","25","","","","4"
"4 on Scale 1 to 10","2013","Hamburg","direct migration background","1","","","","4"
"4 on Scale 1 to 10","2013","Hamburg","indirect migration background","1","","","","4"
"4 on Scale 1 to 10","2013","Lower Saxony","no migration background","128","0.0605400885552775","0.0505059781244029","0.0705741989861522","4"
"4 on Scale 1 to 10","2013","Lower Saxony","direct migration background","15","","","","4"
"4 on Scale 1 to 10","2013","Lower Saxony","indirect migration background","3","","","","4"
"4 on Scale 1 to 10","2013","Bremen","no migration background","11","","","","4"
"4 on Scale 1 to 10","2013","Bremen","direct migration background","3","","","","4"
"4 on Scale 1 to 10","2013","Bremen","indirect migration background","","","","","4"
"4 on Scale 1 to 10","2013","North Rhine-Westphalia","no migration background","267","0.0724532677314434","0.0644584594613838","0.0804480760015029","4"
"4 on Scale 1 to 10","2013","North Rhine-Westphalia","direct migration background","51","0.0534169930434115","0.0375549723822647","0.0692790137045582","4"
"4 on Scale 1 to 10","2013","North Rhine-Westphalia","indirect migration background","13","","","","4"
"4 on Scale 1 to 10","2013","Hesse","no migration background","95","0.0630026636571454","0.0501649552262586","0.0758403720880322","4"
"4 on Scale 1 to 10","2013","Hesse","direct migration background","18","","","","4"
"4 on Scale 1 to 10","2013","Hesse","indirect migration background","9","","","","4"
"4 on Scale 1 to 10","2013","Rhineland-Palatinate,Saarland","no migration background","67","0.0629853451773198","0.0491767304613541","0.0767939598932855","4"
"4 on Scale 1 to 10","2013","Rhineland-Palatinate,Saarland","direct migration background","12","","","","4"
"4 on Scale 1 to 10","2013","Rhineland-Palatinate,Saarland","indirect migration background","6","","","","4"
"4 on Scale 1 to 10","2013","Baden-Württemberg","no migration background","146","0.0643747431008527","0.0545314673260052","0.0742180188757002","4"
"4 on Scale 1 to 10","2013","Baden-Württemberg","direct migration background","19","","","","4"
"4 on Scale 1 to 10","2013","Baden-Württemberg","indirect migration background","16","","","","4"
"4 on Scale 1 to 10","2013","Bavaria","no migration background","228","0.0684480266502926","0.059968999316331","0.0769270539842541","4"
"4 on Scale 1 to 10","2013","Bavaria","direct migration background","31","0.108564837923669","0.0794640126515146","0.137665663195822","4"
"4 on Scale 1 to 10","2013","Bavaria","indirect migration background","12","","","","4"
"4 on Scale 1 to 10","2013","Berlin","no migration background","74","0.0745533570348405","0.0571591220795749","0.0919475919901062","4"
"4 on Scale 1 to 10","2013","Berlin","direct migration background","2","","","","4"
"4 on Scale 1 to 10","2013","Berlin","indirect migration background","4","","","","4"
"4 on Scale 1 to 10","2013","Brandenburg","no migration background","66","0.064957498840271","0.04955108161127","0.0803639160692721","4"
"4 on Scale 1 to 10","2013","Brandenburg","direct migration background","3","","","","4"
"4 on Scale 1 to 10","2013","Brandenburg","indirect migration background","","","","","4"
"4 on Scale 1 to 10","2013","Mecklenburg-Western Pomerania","no migration background","39","0.070974048608141","0.0498567852646709","0.0920913119516112","4"
"4 on Scale 1 to 10","2013","Mecklenburg-Western Pomerania","direct migration background","2","","","","4"
"4 on Scale 1 to 10","2013","Saxony","no migration background","121","0.0740869397768819","0.0614837396899965","0.0866901398637674","4"
"4 on Scale 1 to 10","2013","Saxony","direct migration background","2","","","","4"
"4 on Scale 1 to 10","2013","Saxony","indirect migration background","1","","","","4"
"4 on Scale 1 to 10","2013","Saxony-Anhalt","no migration background","79","0.0817090818766611","0.064179482866748","0.0992386808865742","4"
"4 on Scale 1 to 10","2013","Saxony-Anhalt","direct migration background","1","","","","4"
"4 on Scale 1 to 10","2013","Saxony-Anhalt","indirect migration background","1","","","","4"
"4 on Scale 1 to 10","2013","Thuringia","no migration background","72","0.0770081490407897","0.060299322927339","0.0937169751542404","4"
"4 on Scale 1 to 10","2013","Thuringia","direct migration background","2","","","","4"
"4 on Scale 1 to 10","2013","Thuringia","indirect migration background","1","","","","4"
"4 on Scale 1 to 10","2013","Mecklenburg-Western Pomerania","indirect migration background","1","","","","4"
"5 on Scale 1 to 10","2013","Lower Saxony","direct migration background","33","0.155015821480827","0.108644180583749","0.201387462377906","5"
"5 on Scale 1 to 10","2013","Lower Saxony","indirect migration background","10","","","","5"
"5 on Scale 1 to 10","2013","Lower Saxony","no migration background","233","0.10929813206512","0.0961703676173127","0.122425896512928","5"
"5 on Scale 1 to 10","2013","Schleswig-Holstein","no migration background","85","0.106923867040583","0.0854971185640742","0.128350615517091","5"
"5 on Scale 1 to 10","2013","Schleswig-Holstein","direct migration background","11","","","","5"
"5 on Scale 1 to 10","2013","Schleswig-Holstein","indirect migration background","4","","","","5"
"5 on Scale 1 to 10","2013","Hamburg","no migration background","31","0.088303481379731","0.0583634256277256","0.118243537131736","5"
"5 on Scale 1 to 10","2013","Hamburg","direct migration background","2","","","","5"
"5 on Scale 1 to 10","2013","Hamburg","indirect migration background","4","","","","5"
"5 on Scale 1 to 10","2013","Berlin","direct migration background","10","","","","5"
"5 on Scale 1 to 10","2013","Berlin","indirect migration background","5","","","","5"
"5 on Scale 1 to 10","2013","Brandenburg","no migration background","125","0.138622637590458","0.117021076478025","0.160224198702891","5"
"5 on Scale 1 to 10","2013","Brandenburg","direct migration background","6","","","","5"
"5 on Scale 1 to 10","2013","Brandenburg","indirect migration background","1","","","","5"
"5 on Scale 1 to 10","2013","Mecklenburg-Western Pomerania","no migration background","89","0.150654459313156","0.121236867050104","0.180072051576207","5"
"5 on Scale 1 to 10","2013","Mecklenburg-Western Pomerania","direct migration background","2","","","","5"
"5 on Scale 1 to 10","2013","Saxony","no migration background","186","0.109246647630244","0.0942357145015148","0.124257580758974","5"
"5 on Scale 1 to 10","2013","Mecklenburg-Western Pomerania","indirect migration background","1","","","","5"
"5 on Scale 1 to 10","2013","Rhineland-Palatinate,Saarland","indirect migration background","11","","","","5"
"5 on Scale 1 to 10","2013","Bremen","no migration background","12","","","","5"
"5 on Scale 1 to 10","2013","Bremen","direct migration background","6","","","","5"
"5 on Scale 1 to 10","2013","Bremen","indirect migration background","2","","","","5"
"5 on Scale 1 to 10","2013","North Rhine-Westphalia","no migration background","432","0.107593957112539","0.0980377323493824","0.117150181875696","5"
"5 on Scale 1 to 10","2013","North Rhine-Westphalia","direct migration background","103","0.150075410344909","0.124882148081337","0.175268672608481","5"
"5 on Scale 1 to 10","2013","North Rhine-Westphalia","indirect migration background","47","0.13458013598894","0.0979803312274049","0.171179940750475","5"
"5 on Scale 1 to 10","2013","Hesse","no migration background","161","0.111912555295335","0.0952551963151305","0.12856991427554","5"
"5 on Scale 1 to 10","2013","Hesse","direct migration background","23","","","","5"
"5 on Scale 1 to 10","2013","Hesse","indirect migration background","7","","","","5"
"5 on Scale 1 to 10","2013","Rhineland-Palatinate,Saarland","no migration background","147","0.114911998269298","0.0967847000771849","0.133039296461411","5"
"5 on Scale 1 to 10","2013","Rhineland-Palatinate,Saarland","direct migration background","19","","","","5"
"5 on Scale 1 to 10","2013","Baden-Württemberg","no migration background","234","0.120577005776708","0.107516437142289","0.133637574411127","5"
"5 on Scale 1 to 10","2013","Baden-Württemberg","direct migration background","48","0.0828739816840556","0.0568765870158799","0.108871376352231","5"
"5 on Scale 1 to 10","2013","Baden-Württemberg","indirect migration background","23","","","","5"
"5 on Scale 1 to 10","2013","Bavaria","no migration background","353","0.110396110015346","0.0998731663312672","0.120919053699426","5"
"5 on Scale 1 to 10","2013","Bavaria","direct migration background","54","0.117713328431594","0.0875670635971726","0.147859593266015","5"
"5 on Scale 1 to 10","2013","Bavaria","indirect migration background","25","","","","5"
"5 on Scale 1 to 10","2013","Berlin","no migration background","99","0.112190681684981","0.0912912594176772","0.133090103952285","5"
"5 on Scale 1 to 10","2013","Saxony","direct migration background","4","","","","5"
"5 on Scale 1 to 10","2013","Saxony","indirect migration background","2","","","","5"
"5 on Scale 1 to 10","2013","Saxony-Anhalt","no migration background","124","0.132172902391009","0.110499130982845","0.153846673799172","5"
"5 on Scale 1 to 10","2013","Saxony-Anhalt","direct migration background","4","","","","5"
"5 on Scale 1 to 10","2013","Saxony-Anhalt","indirect migration background","","","","","5"
"5 on Scale 1 to 10","2013","Thuringia","no migration background","119","0.108073329012739","0.0886151361500131","0.127531521875466","5"
"5 on Scale 1 to 10","2013","Thuringia","direct migration background","4","","","","5"
"5 on Scale 1 to 10","2013","Thuringia","indirect migration background","","","","","5"
"6 on Scale 1 to 10","2013","Schleswig-Holstein","no migration background","94","0.103444822634947","0.0823285338654845","0.124561111404409","6"
"6 on Scale 1 to 10","2013","Schleswig-Holstein","direct migration background","9","","","","6"
"6 on Scale 1 to 10","2013","Schleswig-Holstein","indirect migration background","7","","","","6"
"6 on Scale 1 to 10","2013","Hamburg","no migration background","36","0.101234580035716","0.0694053477578697","0.133063812313562","6"
"6 on Scale 1 to 10","2013","Hamburg","direct migration background","6","","","","6"
"6 on Scale 1 to 10","2013","Hamburg","indirect migration background","7","","","","6"
"6 on Scale 1 to 10","2013","Lower Saxony","no migration background","234","0.106495696336394","0.0935169549968417","0.119474437675946","6"
"6 on Scale 1 to 10","2013","Lower Saxony","direct migration background","14","","","","6"
"6 on Scale 1 to 10","2013","Lower Saxony","indirect migration background","2","","","","6"
"6 on Scale 1 to 10","2013","Bremen","no migration background","19","","","","6"
"6 on Scale 1 to 10","2013","Bremen","direct migration background","2","","","","6"
"6 on Scale 1 to 10","2013","Bremen","indirect migration background","","","","","6"
"6 on Scale 1 to 10","2013","North Rhine-Westphalia","no migration background","431","0.105106486564033","0.0956482188162468","0.114564754311818","6"
"6 on Scale 1 to 10","2013","North Rhine-Westphalia","direct migration background","91","0.0815311473875934","0.0622277640854037","0.100834530689783","6"
"6 on Scale 1 to 10","2013","North Rhine-Westphalia","indirect migration background","45","0.13204324733142","0.0957369467438187","0.168349547919021","6"
"6 on Scale 1 to 10","2013","Hesse","no migration background","165","0.108487309710848","0.0920552460554207","0.124919373366275","6"
"6 on Scale 1 to 10","2013","Hesse","direct migration background","26","","","","6"
"6 on Scale 1 to 10","2013","Hesse","indirect migration background","16","","","","6"
"6 on Scale 1 to 10","2013","Rhineland-Palatinate,Saarland","no migration background","120","0.0997370202120753","0.0827048474358031","0.116769192988347","6"
"6 on Scale 1 to 10","2013","Saxony-Anhalt","direct migration background","3","","","","6"
"6 on Scale 1 to 10","2013","Saxony-Anhalt","indirect migration background","2","","","","6"
"6 on Scale 1 to 10","2013","Thuringia","no migration background","95","0.0808312552787915","0.0637481841410963","0.0979143264164867","6"
"6 on Scale 1 to 10","2013","Thuringia","direct migration background","1","","","","6"
"6 on Scale 1 to 10","2013","Baden-Württemberg","direct migration background","44","0.112167920639445","0.0824097678939537","0.141926073384937","6"
"6 on Scale 1 to 10","2013","Bavaria","indirect migration background","17","","","","6"
"6 on Scale 1 to 10","2013","Rhineland-Palatinate,Saarland","direct migration background","17","","","","6"
"6 on Scale 1 to 10","2013","Rhineland-Palatinate,Saarland","indirect migration background","13","","","","6"
"6 on Scale 1 to 10","2013","Baden-Württemberg","no migration background","277","0.104067491720643","0.0918205931550528","0.116314390286234","6"
"6 on Scale 1 to 10","2013","Saxony","no migration background","183","0.102184270965901","0.087609205026844","0.116759336904958","6"
"6 on Scale 1 to 10","2013","Baden-Württemberg","indirect migration background","24","","","","6"
"6 on Scale 1 to 10","2013","Bavaria","no migration background","348","0.100280471136283","0.0901943592700462","0.11036658300252","6"
"6 on Scale 1 to 10","2013","Saxony-Anhalt","no migration background","100","0.084375815272699","0.0665883407685559","0.102163289776842","6"
"6 on Scale 1 to 10","2013","Berlin","no migration background","81","0.0735580056658806","0.0562709859498206","0.0908450253819407","6"
"6 on Scale 1 to 10","2013","Brandenburg","direct migration background","2","","","","6"
"6 on Scale 1 to 10","2013","Saxony","direct migration background","5","","","","6"
"6 on Scale 1 to 10","2013","Saxony","indirect migration background","2","","","","6"
"6 on Scale 1 to 10","2013","Bavaria","direct migration background","37","0.0931203088136339","0.0659363394016266","0.120304278225641","6"
"6 on Scale 1 to 10","2013","Thuringia","indirect migration background","3","","","","6"
"6 on Scale 1 to 10","2013","Mecklenburg-Western Pomerania","no migration background","61","0.0924114069455698","0.0685947265493553","0.116228087341784","6"
"6 on Scale 1 to 10","2013","Mecklenburg-Western Pomerania","direct migration background","5","","","","6"
"6 on Scale 1 to 10","2013","Brandenburg","indirect migration background","1","","","","6"
"6 on Scale 1 to 10","2013","Berlin","indirect migration background","6","","","","6"
"6 on Scale 1 to 10","2013","Brandenburg","no migration background","118","0.111207087658657","0.0915536802448155","0.130860495072499","6"
"6 on Scale 1 to 10","2013","Mecklenburg-Western Pomerania","indirect migration background","1","","","","6"
"6 on Scale 1 to 10","2013","Berlin","direct migration background","11","","","","6"
"7 on Scale 1 to 10","2013","Schleswig-Holstein","no migration background","98","0.125439419320356","0.102473350176979","0.148405488463733","7"
"7 on Scale 1 to 10","2013","Schleswig-Holstein","direct migration background","15","","","","7"
"7 on Scale 1 to 10","2013","Schleswig-Holstein","indirect migration background","4","","","","7"
"7 on Scale 1 to 10","2013","Hamburg","no migration background","68","0.214314536728463","0.171014454875452","0.257614618581473","7"
"7 on Scale 1 to 10","2013","Hamburg","direct migration background","6","","","","7"
"7 on Scale 1 to 10","2013","Hamburg","indirect migration background","4","","","","7"
"7 on Scale 1 to 10","2013","Lower Saxony","no migration background","340","0.146864519946799","0.131971400558491","0.161757639335107","7"
"7 on Scale 1 to 10","2013","Lower Saxony","direct migration background","38","0.178806357753067","0.129709417230542","0.227903298275591","7"
"7 on Scale 1 to 10","2013","Lower Saxony","indirect migration background","16","","","","7"
"7 on Scale 1 to 10","2013","Bremen","no migration background","17","","","","7"
"7 on Scale 1 to 10","2013","Bremen","direct migration background","4","","","","7"
"7 on Scale 1 to 10","2013","Bremen","indirect migration background","","","","","7"
"7 on Scale 1 to 10","2013","North Rhine-Westphalia","no migration background","621","0.146179050119199","0.135283801734465","0.157074298503932","7"
"7 on Scale 1 to 10","2013","North Rhine-Westphalia","direct migration background","104","0.130853600014315","0.107064459784677","0.154642740243954","7"
"7 on Scale 1 to 10","2013","North Rhine-Westphalia","indirect migration background","51","0.170184780927171","0.129882844333455","0.210486717520887","7"
"7 on Scale 1 to 10","2013","Hesse","no migration background","221","0.16274102901092","0.143237315557335","0.182244742464506","7"
"7 on Scale 1 to 10","2013","Hesse","direct migration background","38","0.17233572656086","0.128411544269505","0.216259908852215","7"
"7 on Scale 1 to 10","2013","Hesse","indirect migration background","20","","","","7"
"7 on Scale 1 to 10","2013","Rhineland-Palatinate,Saarland","no migration background","177","0.160308145165161","0.139453878215156","0.181162412115166","7"
"7 on Scale 1 to 10","2013","Rhineland-Palatinate,Saarland","direct migration background","34","0.239447227830255","0.177786483486556","0.301107972173955","7"
"7 on Scale 1 to 10","2013","Rhineland-Palatinate,Saarland","indirect migration background","4","","","","7"
"7 on Scale 1 to 10","2013","Baden-Württemberg","no migration background","400","0.163056811682871","0.14824021728126","0.177873406084482","7"
"7 on Scale 1 to 10","2013","Berlin","direct migration background","6","","","","7"
"7 on Scale 1 to 10","2013","Berlin","indirect migration background","6","","","","7"
"7 on Scale 1 to 10","2013","Brandenburg","no migration background","145","0.154093936564034","0.131524268280484","0.176663604847585","7"
"7 on Scale 1 to 10","2013","Brandenburg","direct migration background","2","","","","7"
"7 on Scale 1 to 10","2013","Brandenburg","indirect migration background","1","","","","7"
"7 on Scale 1 to 10","2013","Mecklenburg-Western Pomerania","no migration background","87","0.165256423157428","0.134712160869071","0.195800685445784","7"
"7 on Scale 1 to 10","2013","Mecklenburg-Western Pomerania","direct migration background","","","","","7"
"7 on Scale 1 to 10","2013","Mecklenburg-Western Pomerania","indirect migration background","1","","","","7"
"7 on Scale 1 to 10","2013","Saxony","no migration background","305","0.176382605081126","0.158041921028445","0.194723289133808","7"
"7 on Scale 1 to 10","2013","Saxony","direct migration background","11","","","","7"
"7 on Scale 1 to 10","2013","Saxony","indirect migration background","3","","","","7"
"7 on Scale 1 to 10","2013","Saxony-Anhalt","no migration background","145","0.178400207152502","0.153899731855664","0.20290068244934","7"
"7 on Scale 1 to 10","2013","Saxony-Anhalt","direct migration background","1","","","","7"
"7 on Scale 1 to 10","2013","Saxony-Anhalt","indirect migration background","3","","","","7"
"7 on Scale 1 to 10","2013","Thuringia","no migration background","169","0.175146139707115","0.151324730249487","0.198967549164743","7"
"7 on Scale 1 to 10","2013","Thuringia","direct migration background","3","","","","7"
"7 on Scale 1 to 10","2013","Thuringia","indirect migration background","1","","","","7"
"7 on Scale 1 to 10","2013","Bavaria","indirect migration background","34","0.155114373516448","0.106611643176829","0.203617103856067","7"
"7 on Scale 1 to 10","2013","Berlin","no migration background","132","0.142765659919522","0.119599305482722","0.165932014356323","7"
"7 on Scale 1 to 10","2013","Baden-Württemberg","direct migration background","81","0.147760228409408","0.114297149825461","0.181223306993356","7"
"7 on Scale 1 to 10","2013","Baden-Württemberg","indirect migration background","38","0.152712990878077","0.10474246485816","0.200683516897994","7"
"7 on Scale 1 to 10","2013","Bavaria","no migration background","532","0.155552695637147","0.143382793893653","0.167722597380641","7"
"7 on Scale 1 to 10","2013","Bavaria","direct migration background","77","0.148939612419693","0.115635249610216","0.18224397522917","7"
"8 on Scale 1 to 10","2013","Schleswig-Holstein","no migration background","185","0.223977849977778","0.195070099602672","0.252885600352884","8"
"8 on Scale 1 to 10","2013","Schleswig-Holstein","indirect migration background","5","","","","8"
"8 on Scale 1 to 10","2013","Hamburg","no migration background","69","0.178113071669389","0.137739936404369","0.218486206934408","8"
"8 on Scale 1 to 10","2013","Hamburg","direct migration background","11","","","","8"
"8 on Scale 1 to 10","2013","Schleswig-Holstein","direct migration background","15","","","","8"
"8 on Scale 1 to 10","2013","Berlin","direct migration background","14","","","","8"
"8 on Scale 1 to 10","2013","Berlin","indirect migration background","8","","","","8"
"8 on Scale 1 to 10","2013","Brandenburg","no migration background","205","0.208540433758451","0.183143526402956","0.233937341113945","8"
"8 on Scale 1 to 10","2013","Brandenburg","direct migration background","8","","","","8"
"8 on Scale 1 to 10","2013","Hamburg","indirect migration background","7","","","","8"
"8 on Scale 1 to 10","2013","Lower Saxony","no migration background","522","0.2385148663879","0.220583777422922","0.256445955352878","8"
"8 on Scale 1 to 10","2013","Lower Saxony","direct migration background","58","0.187198012020947","0.137219518979968","0.237176505061925","8"
"8 on Scale 1 to 10","2013","Lower Saxony","indirect migration background","17","","","","8"
"8 on Scale 1 to 10","2013","Bremen","no migration background","25","","","","8"
"8 on Scale 1 to 10","2013","Bremen","direct migration background","10","","","","8"
"8 on Scale 1 to 10","2013","Bremen","indirect migration background","4","","","","8"
"8 on Scale 1 to 10","2013","North Rhine-Westphalia","no migration background","845","0.204918353704509","0.192470127898479","0.217366579510539","8"
"8 on Scale 1 to 10","2013","North Rhine-Westphalia","direct migration background","174","0.243418569039388","0.213146358694699","0.273690779384077","8"
"8 on Scale 1 to 10","2013","North Rhine-Westphalia","indirect migration background","63","0.190827165374633","0.14868512058518","0.232969210164085","8"
"8 on Scale 1 to 10","2013","Hesse","no migration background","286","0.205535158989265","0.184184107058125","0.226886210920405","8"
"8 on Scale 1 to 10","2013","Hesse","direct migration background","55","0.148778626381939","0.107390053351542","0.190167199412336","8"
"8 on Scale 1 to 10","2013","Hesse","indirect migration background","18","","","","8"
"8 on Scale 1 to 10","2013","Rhineland-Palatinate,Saarland","no migration background","244","0.219936823839141","0.196393323798304","0.243480323879978","8"
"8 on Scale 1 to 10","2013","Rhineland-Palatinate,Saarland","direct migration background","39","0.163395054006418","0.109973213483639","0.216816894529198","8"
"8 on Scale 1 to 10","2013","Rhineland-Palatinate,Saarland","indirect migration background","15","","","","8"
"8 on Scale 1 to 10","2013","Baden-Württemberg","no migration background","547","0.221565252858429","0.204908403315149","0.238222102401708","8"
"8 on Scale 1 to 10","2013","Baden-Württemberg","direct migration background","95","0.228464851514657","0.188874097507901","0.268055605521414","8"
"8 on Scale 1 to 10","2013","Baden-Württemberg","indirect migration background","50","0.179742975048511","0.128536821100232","0.23094912899679","8"
"8 on Scale 1 to 10","2013","Bavaria","no migration background","700","0.203011028810068","0.189504367923838","0.216517689696299","8"
"8 on Scale 1 to 10","2013","Bavaria","direct migration background","76","0.198671326221559","0.161347275753236","0.235995376689882","8"
"8 on Scale 1 to 10","2013","Bavaria","indirect migration background","37","0.223669854824007","0.167839786745093","0.279499922902921","8"
"8 on Scale 1 to 10","2013","Berlin","no migration background","176","0.19558917054697","0.169322356790562","0.221855984303378","8"
"8 on Scale 1 to 10","2013","Saxony","indirect migration background","3","","","","8"
"8 on Scale 1 to 10","2013","Saxony-Anhalt","no migration background","202","0.22871521333908","0.201836926701937","0.255593499976222","8"
"8 on Scale 1 to 10","2013","Saxony-Anhalt","direct migration background","1","","","","8"
"8 on Scale 1 to 10","2013","Saxony","no migration background","355","0.222954683266201","0.202925816789412","0.242983549742991","8"
"8 on Scale 1 to 10","2013","Saxony","direct migration background","3","","","","8"
"8 on Scale 1 to 10","2013","Saxony-Anhalt","indirect migration background","3","","","","8"
"8 on Scale 1 to 10","2013","Thuringia","no migration background","206","0.210027932948823","0.184499564445936","0.235556301451711","8"
"8 on Scale 1 to 10","2013","Thuringia","direct migration background","1","","","","8"
"8 on Scale 1 to 10","2013","Brandenburg","indirect migration background","3","","","","8"
"8 on Scale 1 to 10","2013","Mecklenburg-Western Pomerania","direct migration background","3","","","","8"
"8 on Scale 1 to 10","2013","Thuringia","indirect migration background","2","","","","8"
"8 on Scale 1 to 10","2013","Mecklenburg-Western Pomerania","no migration background","105","0.192720584543436","0.160282894871164","0.225158274215709","8"
"8 on Scale 1 to 10","2013","Mecklenburg-Western Pomerania","indirect migration background","2","","","","8"
"9 on Scale 1 to 10","2013","Schleswig-Holstein","no migration background","114","0.149233828539085","0.124527202131959","0.173940454946211","9"
"9 on Scale 1 to 10","2013","Schleswig-Holstein","direct migration background","15","","","","9"
"9 on Scale 1 to 10","2013","Schleswig-Holstein","indirect migration background","5","","","","9"
"9 on Scale 1 to 10","2013","Hamburg","no migration background","46","0.152714988934192","0.114757791593184","0.1906721862752","9"
"9 on Scale 1 to 10","2013","Hamburg","direct migration background","9","","","","9"
"9 on Scale 1 to 10","2013","Hamburg","indirect migration background","","","","","9"
"9 on Scale 1 to 10","2013","Lower Saxony","no migration background","281","0.12222972446997","0.10844820587313","0.13601124306681","9"
"9 on Scale 1 to 10","2013","Lower Saxony","direct migration background","25","","","","9"
"9 on Scale 1 to 10","2013","Lower Saxony","indirect migration background","16","","","","9"
"9 on Scale 1 to 10","2013","Bremen","no migration background","24","","","","9"
"9 on Scale 1 to 10","2013","Bremen","direct migration background","2","","","","9"
"9 on Scale 1 to 10","2013","Bremen","indirect migration background","","","","","9"
"9 on Scale 1 to 10","2013","North Rhine-Westphalia","no migration background","531","0.135213795533132","0.124668080228134","0.145759510838131","9"
"9 on Scale 1 to 10","2013","North Rhine-Westphalia","direct migration background","87","0.0968836643012149","0.0760177909079088","0.117749537694521","9"
"9 on Scale 1 to 10","2013","North Rhine-Westphalia","indirect migration background","37","0.108998322852183","0.0755769699566302","0.142419675747735","9"
"9 on Scale 1 to 10","2013","Berlin","direct migration background","10","","","","9"
"9 on Scale 1 to 10","2013","Berlin","indirect migration background","4","","","","9"
"9 on Scale 1 to 10","2013","Brandenburg","no migration background","136","0.139055521925196","0.117425696000126","0.160685347850267","9"
"9 on Scale 1 to 10","2013","Brandenburg","direct migration background","5","","","","9"
"9 on Scale 1 to 10","2013","Brandenburg","indirect migration background","1","","","","9"
"9 on Scale 1 to 10","2013","Mecklenburg-Western Pomerania","no migration background","68","0.122808936256738","0.095816877704604","0.149800994808872","9"
"9 on Scale 1 to 10","2013","Mecklenburg-Western Pomerania","direct migration background","","","","","9"
"9 on Scale 1 to 10","2013","Mecklenburg-Western Pomerania","indirect migration background","2","","","","9"
"9 on Scale 1 to 10","2013","Saxony","no migration background","179","0.106902289667851","0.0920337645939891","0.121770814741713","9"
"9 on Scale 1 to 10","2013","Saxony","direct migration background","","","","","9"
"9 on Scale 1 to 10","2013","Saxony","indirect migration background","3","","","","9"
"9 on Scale 1 to 10","2013","Saxony-Anhalt","no migration background","104","0.0949932292689007","0.0762295106415184","0.113756947896283","9"
"9 on Scale 1 to 10","2013","Saxony-Anhalt","direct migration background","5","","","","9"
"9 on Scale 1 to 10","2013","Saxony-Anhalt","indirect migration background","","","","","9"
"9 on Scale 1 to 10","2013","Thuringia","no migration background","152","0.168476963829546","0.145019229146045","0.191934698513048","9"
"9 on Scale 1 to 10","2013","Thuringia","direct migration background","4","","","","9"
"9 on Scale 1 to 10","2013","Thuringia","indirect migration background","2","","","","9"
"9 on Scale 1 to 10","2013","Bavaria","indirect migration background","40","0.174037209293123","0.123239690322623","0.224834728263624","9"
"9 on Scale 1 to 10","2013","Berlin","no migration background","106","0.114760586533093","0.0936537674100933","0.135867405656093","9"
"9 on Scale 1 to 10","2013","Hesse","no migration background","180","0.153778652184547","0.134718389235195","0.172838915133899","9"
"9 on Scale 1 to 10","2013","Hesse","direct migration background","38","0.0798968284311465","0.0483633445690146","0.111430312293278","9"
"9 on Scale 1 to 10","2013","Hesse","indirect migration background","13","","","","9"
"9 on Scale 1 to 10","2013","Rhineland-Palatinate,Saarland","indirect migration background","9","","","","9"
"9 on Scale 1 to 10","2013","Baden-Württemberg","no migration background","349","0.136703259555382","0.122924807943717","0.150481711167046","9"
"9 on Scale 1 to 10","2013","Baden-Württemberg","direct migration background","52","0.154410903069082","0.120336764411387","0.188485041726776","9"
"9 on Scale 1 to 10","2013","Baden-Württemberg","indirect migration background","38","0.230653809867725","0.174476306369975","0.286831313365475","9"
"9 on Scale 1 to 10","2013","Bavaria","no migration background","519","0.140192669365345","0.128534637218216","0.151850701512474","9"
"9 on Scale 1 to 10","2013","Bavaria","direct migration background","54","0.0981685098138399","0.0703352144618491","0.126001805165831","9"
"9 on Scale 1 to 10","2013","Rhineland-Palatinate,Saarland","no migration background","184","0.129036178374902","0.109981002236429","0.148091354513375","9"
"9 on Scale 1 to 10","2013","Rhineland-Palatinate,Saarland","direct migration background","31","0.116942130477749","0.0705099303169628","0.163374330638536","9"
"0 Completely dissatisfied","2014","Hesse","indirect migration background","1","","","","0"
"0 Completely dissatisfied","2014","Rhineland-Palatinate,Saarland","no migration background","8","","","","0"
"0 Completely dissatisfied","2014","Rhineland-Palatinate,Saarland","direct migration background","3","","","","0"
"0 Completely dissatisfied","2014","Rhineland-Palatinate,Saarland","indirect migration background","1","","","","0"
"0 Completely dissatisfied","2014","Baden-Württemberg","no migration background","5","","","","0"
"0 Completely dissatisfied","2014","Baden-Württemberg","direct migration background","7","","","","0"
"0 Completely dissatisfied","2014","Baden-Württemberg","indirect migration background","4","","","","0"
"0 Completely dissatisfied","2014","Bavaria","no migration background","18","","","","0"
"0 Completely dissatisfied","2014","Bavaria","direct migration background","11","","","","0"
"0 Completely dissatisfied","2014","Bavaria","indirect migration background","1","","","","0"
"0 Completely dissatisfied","2014","Schleswig-Holstein","no migration background","5","","","","0"
"0 Completely dissatisfied","2014","Schleswig-Holstein","direct migration background","2","","","","0"
"0 Completely dissatisfied","2014","Schleswig-Holstein","indirect migration background","","","","","0"
"0 Completely dissatisfied","2014","Bremen","direct migration background","1","","","","0"
"0 Completely dissatisfied","2014","Bremen","indirect migration background","","","","","0"
"0 Completely dissatisfied","2014","Brandenburg","no migration background","9","","","","0"
"0 Completely dissatisfied","2014","Brandenburg","direct migration background","1","","","","0"
"0 Completely dissatisfied","2014","Brandenburg","indirect migration background","","","","","0"
"0 Completely dissatisfied","2014","Saxony-Anhalt","direct migration background","","","","","0"
"0 Completely dissatisfied","2014","Saxony-Anhalt","indirect migration background","","","","","0"
"0 Completely dissatisfied","2014","Thuringia","no migration background","6","","","","0"
"0 Completely dissatisfied","2014","Hamburg","no migration background","","","","","0"
"0 Completely dissatisfied","2014","Hamburg","direct migration background","","","","","0"
"0 Completely dissatisfied","2014","Hamburg","indirect migration background","","","","","0"
"0 Completely dissatisfied","2014","Lower Saxony","no migration background","14","","","","0"
"0 Completely dissatisfied","2014","Lower Saxony","direct migration background","3","","","","0"
"0 Completely dissatisfied","2014","Lower Saxony","indirect migration background","","","","","0"
"0 Completely dissatisfied","2014","Bremen","no migration background","2","","","","0"
"0 Completely dissatisfied","2014","North Rhine-Westphalia","no migration background","34","0.00631780258101025","0.00378792548042494","0.00884767968159556","0"
"0 Completely dissatisfied","2014","North Rhine-Westphalia","direct migration background","11","","","","0"
"0 Completely dissatisfied","2014","North Rhine-Westphalia","indirect migration background","2","","","","0"
"0 Completely dissatisfied","2014","Hesse","no migration background","9","","","","0"
"0 Completely dissatisfied","2014","Hesse","direct migration background","5","","","","0"
"0 Completely dissatisfied","2014","Berlin","no migration background","6","","","","0"
"0 Completely dissatisfied","2014","Berlin","direct migration background","2","","","","0"
"0 Completely dissatisfied","2014","Berlin","indirect migration background","","","","","0"
"0 Completely dissatisfied","2014","Mecklenburg-Western Pomerania","no migration background","2","","","","0"
"0 Completely dissatisfied","2014","Mecklenburg-Western Pomerania","direct migration background","","","","","0"
"0 Completely dissatisfied","2014","Mecklenburg-Western Pomerania","indirect migration background","","","","","0"
"0 Completely dissatisfied","2014","Saxony","no migration background","7","","","","0"
"0 Completely dissatisfied","2014","Saxony","direct migration background","1","","","","0"
"0 Completely dissatisfied","2014","Saxony","indirect migration background","","","","","0"
"0 Completely dissatisfied","2014","Saxony-Anhalt","no migration background","11","","","","0"
"0 Completely dissatisfied","2014","Thuringia","direct migration background","2","","","","0"
"0 Completely dissatisfied","2014","Thuringia","indirect migration background","2","","","","0"
"1 on Scale 1 to 10","2014","Bavaria","direct migration background","6","","","","1"
"1 on Scale 1 to 10","2014","Bavaria","indirect migration background","1","","","","1"
"1 on Scale 1 to 10","2014","Rhineland-Palatinate,Saarland","direct migration background","4","","","","1"
"1 on Scale 1 to 10","2014","Rhineland-Palatinate,Saarland","indirect migration background","1","","","","1"
"1 on Scale 1 to 10","2014","Baden-Württemberg","no migration background","13","","","","1"
"1 on Scale 1 to 10","2014","Baden-Württemberg","direct migration background","6","","","","1"
"1 on Scale 1 to 10","2014","Baden-Württemberg","indirect migration background","3","","","","1"
"1 on Scale 1 to 10","2014","Bavaria","no migration background","38","0.0107944326021494","0.00723027209213857","0.0143585931121602","1"
"1 on Scale 1 to 10","2014","Berlin","no migration background","6","","","","1"
"1 on Scale 1 to 10","2014","Berlin","direct migration background","2","","","","1"
"1 on Scale 1 to 10","2014","Berlin","indirect migration background","","","","","1"
"1 on Scale 1 to 10","2014","Hesse","indirect migration background","1","","","","1"
"1 on Scale 1 to 10","2014","Rhineland-Palatinate,Saarland","no migration background","9","","","","1"
"1 on Scale 1 to 10","2014","Schleswig-Holstein","no migration background","7","","","","1"
"1 on Scale 1 to 10","2014","Schleswig-Holstein","direct migration background","2","","","","1"
"1 on Scale 1 to 10","2014","Schleswig-Holstein","indirect migration background","","","","","1"
"1 on Scale 1 to 10","2014","Hamburg","no migration background","2","","","","1"
"1 on Scale 1 to 10","2014","Hamburg","direct migration background","1","","","","1"
"1 on Scale 1 to 10","2014","Hamburg","indirect migration background","","","","","1"
"1 on Scale 1 to 10","2014","Lower Saxony","no migration background","20","","","","1"
"1 on Scale 1 to 10","2014","Lower Saxony","direct migration background","3","","","","1"
"1 on Scale 1 to 10","2014","Lower Saxony","indirect migration background","2","","","","1"
"1 on Scale 1 to 10","2014","Bremen","no migration background","","","","","1"
"1 on Scale 1 to 10","2014","Bremen","direct migration background","","","","","1"
"1 on Scale 1 to 10","2014","Bremen","indirect migration background","","","","","1"
"1 on Scale 1 to 10","2014","North Rhine-Westphalia","no migration background","53","0.0191943641805854","0.0148133870552327","0.0235753413059381","1"
"1 on Scale 1 to 10","2014","North Rhine-Westphalia","direct migration background","17","","","","1"
"1 on Scale 1 to 10","2014","North Rhine-Westphalia","indirect migration background","4","","","","1"
"1 on Scale 1 to 10","2014","Hesse","no migration background","15","","","","1"
"1 on Scale 1 to 10","2014","Hesse","direct migration background","5","","","","1"
"1 on Scale 1 to 10","2014","Brandenburg","no migration background","13","","","","1"
"1 on Scale 1 to 10","2014","Brandenburg","direct migration background","3","","","","1"
"1 on Scale 1 to 10","2014","Brandenburg","indirect migration background","","","","","1"
"1 on Scale 1 to 10","2014","Mecklenburg-Western Pomerania","no migration background","6","","","","1"
"1 on Scale 1 to 10","2014","Mecklenburg-Western Pomerania","direct migration background","","","","","1"
"1 on Scale 1 to 10","2014","Mecklenburg-Western Pomerania","indirect migration background","","","","","1"
"1 on Scale 1 to 10","2014","Saxony","no migration background","17","","","","1"
"1 on Scale 1 to 10","2014","Saxony","direct migration background","","","","","1"
"1 on Scale 1 to 10","2014","Saxony","indirect migration background","","","","","1"
"1 on Scale 1 to 10","2014","Saxony-Anhalt","no migration background","11","","","","1"
"1 on Scale 1 to 10","2014","Saxony-Anhalt","direct migration background","","","","","1"
"1 on Scale 1 to 10","2014","Saxony-Anhalt","indirect migration background","","","","","1"
"1 on Scale 1 to 10","2014","Thuringia","no migration background","9","","","","1"
"1 on Scale 1 to 10","2014","Thuringia","direct migration background","","","","","1"
"1 on Scale 1 to 10","2014","Thuringia","indirect migration background","","","","","1"
"10 Completely satisfied","2014","Schleswig-Holstein","no migration background","63","0.0849956695634684","0.064321909214946","0.105669429911991","10"
"10 Completely satisfied","2014","Schleswig-Holstein","direct migration background","21","","","","10"
"10 Completely satisfied","2014","Schleswig-Holstein","indirect migration background","9","","","","10"
"10 Completely satisfied","2014","Hamburg","no migration background","29","","","","10"
"10 Completely satisfied","2014","Hamburg","direct migration background","16","","","","10"
"10 Completely satisfied","2014","Hamburg","indirect migration background","3","","","","10"
"10 Completely satisfied","2014","Lower Saxony","no migration background","212","0.11431359080455","0.100417031611838","0.128210149997262","10"
"10 Completely satisfied","2014","Lower Saxony","direct migration background","93","0.203351095851626","0.167419102387919","0.239283089315333","10"
"10 Completely satisfied","2014","Lower Saxony","indirect migration background","25","","","","10"
"10 Completely satisfied","2014","Bremen","no migration background","18","","","","10"
"10 Completely satisfied","2014","Bremen","direct migration background","11","","","","10"
"10 Completely satisfied","2014","Bremen","indirect migration background","2","","","","10"
"10 Completely satisfied","2014","North Rhine-Westphalia","no migration background","427","0.110110697733847","0.100115868135177","0.120105527332518","10"
"10 Completely satisfied","2014","North Rhine-Westphalia","direct migration background","199","0.117583339464885","0.100489065867312","0.134677613062458","10"
"10 Completely satisfied","2014","North Rhine-Westphalia","indirect migration background","76","0.111279620656865","0.0844303080611622","0.138128933252568","10"
"10 Completely satisfied","2014","Hesse","no migration background","90","0.078771081326521","0.0639205586597925","0.0936216039932495","10"
"10 Completely satisfied","2014","Hesse","direct migration background","63","0.184237866717816","0.148887141935127","0.219588591500504","10"
"10 Completely satisfied","2014","Hesse","indirect migration background","14","","","","10"
"10 Completely satisfied","2014","Rhineland-Palatinate,Saarland","no migration background","133","0.120932794982838","0.101620934476465","0.14024465548921","10"
"10 Completely satisfied","2014","Rhineland-Palatinate,Saarland","direct migration background","61","0.139680554515934","0.104688031191586","0.174673077840283","10"
"10 Completely satisfied","2014","Rhineland-Palatinate,Saarland","indirect migration background","16","","","","10"
"10 Completely satisfied","2014","Baden-Württemberg","no migration background","219","0.101628544365175","0.088929989924778","0.114327098805573","10"
"10 Completely satisfied","2014","Baden-Württemberg","direct migration background","133","0.136767925891786","0.112111246281319","0.161424605502253","10"
"10 Completely satisfied","2014","Baden-Württemberg","indirect migration background","51","0.145741077132162","0.106713731343709","0.184768422920616","10"
"10 Completely satisfied","2014","Bavaria","no migration background","366","0.112861239984786","0.101947282580286","0.123775197389285","10"
"10 Completely satisfied","2014","Bavaria","direct migration background","148","0.146601220752877","0.123492727006726","0.169709714499028","10"
"10 Completely satisfied","2014","Bavaria","indirect migration background","39","0.0940467631925233","0.0607377397612214","0.127355786623825","10"
"10 Completely satisfied","2014","Berlin","no migration background","71","0.100363043607159","0.0794887343865214","0.121237352827796","10"
"10 Completely satisfied","2014","Berlin","direct migration background","14","","","","10"
"10 Completely satisfied","2014","Berlin","indirect migration background","7","","","","10"
"10 Completely satisfied","2014","Brandenburg","no migration background","60","0.073871140561226","0.0569234449578318","0.0908188361646201","10"
"10 Completely satisfied","2014","Brandenburg","direct migration background","28","","","","10"
"10 Completely satisfied","2014","Brandenburg","indirect migration background","2","","","","10"
"10 Completely satisfied","2014","Mecklenburg-Western Pomerania","no migration background","41","0.0675250576175506","0.0462223133750539","0.0888278018600473","10"
"10 Completely satisfied","2014","Mecklenburg-Western Pomerania","direct migration background","1","","","","10"
"10 Completely satisfied","2014","Mecklenburg-Western Pomerania","indirect migration background","1","","","","10"
"10 Completely satisfied","2014","Saxony","no migration background","118","0.0826624747688349","0.0688462431420326","0.0964787063956373","10"
"10 Completely satisfied","2014","Saxony","direct migration background","3","","","","10"
"10 Completely satisfied","2014","Saxony","indirect migration background","3","","","","10"
"10 Completely satisfied","2014","Saxony-Anhalt","no migration background","85","0.077646715857794","0.0599148572542189","0.0953785744613692","10"
"10 Completely satisfied","2014","Saxony-Anhalt","direct migration background","15","","","","10"
"10 Completely satisfied","2014","Saxony-Anhalt","indirect migration background","7","","","","10"
"10 Completely satisfied","2014","Thuringia","no migration background","83","0.084109617553262","0.0663665485044057","0.101852686602118","10"
"10 Completely satisfied","2014","Thuringia","direct migration background","8","","","","10"
"10 Completely satisfied","2014","Thuringia","indirect migration background","2","","","","10"
"2 on Scale 1 to 10","2014","Bremen","no migration background","6","","","","2"
"2 on Scale 1 to 10","2014","Bremen","indirect migration background","1","","","","2"
"2 on Scale 1 to 10","2014","Schleswig-Holstein","no migration background","18","","","","2"
"2 on Scale 1 to 10","2014","Bremen","direct migration background","4","","","","2"
"2 on Scale 1 to 10","2014","North Rhine-Westphalia","no migration background","115","0.0393541897621377","0.0331459314575249","0.0455624480667504","2"
"2 on Scale 1 to 10","2014","Schleswig-Holstein","direct migration background","4","","","","2"
"2 on Scale 1 to 10","2014","Schleswig-Holstein","indirect migration background","2","","","","2"
"2 on Scale 1 to 10","2014","Hamburg","no migration background","11","","","","2"
"2 on Scale 1 to 10","2014","Lower Saxony","direct migration background","13","","","","2"
"2 on Scale 1 to 10","2014","Lower Saxony","indirect migration background","2","","","","2"
"2 on Scale 1 to 10","2014","Hamburg","direct migration background","5","","","","2"
"2 on Scale 1 to 10","2014","Hamburg","indirect migration background","1","","","","2"
"2 on Scale 1 to 10","2014","Lower Saxony","no migration background","69","0.0330621309940986","0.0252533532200909","0.0408709087681063","2"
"2 on Scale 1 to 10","2014","Hesse","indirect migration background","2","","","","2"
"2 on Scale 1 to 10","2014","Rhineland-Palatinate,Saarland","no migration background","34","0.0279726357224145","0.0182059554214083","0.0377393160234207","2"
"2 on Scale 1 to 10","2014","Rhineland-Palatinate,Saarland","direct migration background","10","","","","2"
"2 on Scale 1 to 10","2014","Rhineland-Palatinate,Saarland","indirect migration background","5","","","","2"
"2 on Scale 1 to 10","2014","Baden-Württemberg","no migration background","68","0.0427280998977706","0.0342286091411924","0.0512275906543489","2"
"2 on Scale 1 to 10","2014","Baden-Württemberg","direct migration background","16","","","","2"
"2 on Scale 1 to 10","2014","Baden-Württemberg","indirect migration background","8","","","","2"
"2 on Scale 1 to 10","2014","Bavaria","no migration background","106","0.0387343675972842","0.0320788166667556","0.0453899185278127","2"
"2 on Scale 1 to 10","2014","Bavaria","direct migration background","24","","","","2"
"2 on Scale 1 to 10","2014","Bavaria","indirect migration background","14","","","","2"
"2 on Scale 1 to 10","2014","Berlin","no migration background","40","0.055883399880264","0.0399266005252476","0.0718401992352804","2"
"2 on Scale 1 to 10","2014","Berlin","direct migration background","5","","","","2"
"2 on Scale 1 to 10","2014","Berlin","indirect migration background","1","","","","2"
"2 on Scale 1 to 10","2014","Brandenburg","no migration background","25","","","","2"
"2 on Scale 1 to 10","2014","Brandenburg","direct migration background","6","","","","2"
"2 on Scale 1 to 10","2014","Brandenburg","indirect migration background","1","","","","2"
"2 on Scale 1 to 10","2014","Mecklenburg-Western Pomerania","no migration background","24","","","","2"
"2 on Scale 1 to 10","2014","Mecklenburg-Western Pomerania","direct migration background","","","","","2"
"2 on Scale 1 to 10","2014","Mecklenburg-Western Pomerania","indirect migration background","","","","","2"
"2 on Scale 1 to 10","2014","Saxony","no migration background","54","0.0358984417427495","0.0265643940562169","0.0452324894292821","2"
"2 on Scale 1 to 10","2014","Saxony","direct migration background","2","","","","2"
"2 on Scale 1 to 10","2014","Saxony","indirect migration background","","","","","2"
"2 on Scale 1 to 10","2014","Saxony-Anhalt","no migration background","28","","","","2"
"2 on Scale 1 to 10","2014","North Rhine-Westphalia","direct migration background","37","0.0309396768224626","0.0217505509920153","0.0401288026529098","2"
"2 on Scale 1 to 10","2014","North Rhine-Westphalia","indirect migration background","20","","","","2"
"2 on Scale 1 to 10","2014","Hesse","no migration background","29","","","","2"
"2 on Scale 1 to 10","2014","Hesse","direct migration background","18","","","","2"
"2 on Scale 1 to 10","2014","Thuringia","direct migration background","1","","","","2"
"2 on Scale 1 to 10","2014","Saxony-Anhalt","direct migration background","","","","","2"
"2 on Scale 1 to 10","2014","Saxony-Anhalt","indirect migration background","","","","","2"
"2 on Scale 1 to 10","2014","Thuringia","no migration background","31","0.0359943259968727","0.0240862668768907","0.0479023851168547","2"
"2 on Scale 1 to 10","2014","Thuringia","indirect migration background","1","","","","2"
"3 on Scale 1 to 10","2014","Rhineland-Palatinate,Saarland","direct migration background","17","","","","3"
"3 on Scale 1 to 10","2014","Rhineland-Palatinate,Saarland","indirect migration background","1","","","","3"
"3 on Scale 1 to 10","2014","Baden-Württemberg","no migration background","95","0.0611456569886907","0.0510763315354809","0.0712149824419005","3"
"3 on Scale 1 to 10","2014","Baden-Württemberg","direct migration background","42","0.0597202272616502","0.0427155673733319","0.0767248871499686","3"
"3 on Scale 1 to 10","2014","Hesse","indirect migration background","5","","","","3"
"3 on Scale 1 to 10","2014","Rhineland-Palatinate,Saarland","no migration background","66","0.0493505233629127","0.0365213959160123","0.0621796508098131","3"
"3 on Scale 1 to 10","2014","Schleswig-Holstein","no migration background","38","0.0567194873118306","0.0395721740239568","0.0738668005997044","3"
"3 on Scale 1 to 10","2014","Schleswig-Holstein","direct migration background","7","","","","3"
"3 on Scale 1 to 10","2014","Schleswig-Holstein","indirect migration background","2","","","","3"
"3 on Scale 1 to 10","2014","Hamburg","no migration background","12","","","","3"
"3 on Scale 1 to 10","2014","Hamburg","direct migration background","3","","","","3"
"3 on Scale 1 to 10","2014","Hamburg","indirect migration background","2","","","","3"
"3 on Scale 1 to 10","2014","Lower Saxony","no migration background","123","0.0764760690825148","0.0648694638550806","0.088082674309949","3"
"3 on Scale 1 to 10","2014","Lower Saxony","direct migration background","19","","","","3"
"3 on Scale 1 to 10","2014","Lower Saxony","indirect migration background","5","","","","3"
"3 on Scale 1 to 10","2014","Bremen","no migration background","7","","","","3"
"3 on Scale 1 to 10","2014","Bremen","direct migration background","4","","","","3"
"3 on Scale 1 to 10","2014","Bremen","indirect migration background","","","","","3"
"3 on Scale 1 to 10","2014","North Rhine-Westphalia","no migration background","224","0.0624262870850953","0.054701631804241","0.0701509423659495","3"
"3 on Scale 1 to 10","2014","North Rhine-Westphalia","direct migration background","76","0.0753035040162636","0.0612996329216847","0.0893073751108425","3"
"3 on Scale 1 to 10","2014","North Rhine-Westphalia","indirect migration background","26","","","","3"
"3 on Scale 1 to 10","2014","Hesse","no migration background","78","0.0665909969736619","0.0528468337132129","0.0803351602341108","3"
"3 on Scale 1 to 10","2014","Hesse","direct migration background","28","","","","3"
"3 on Scale 1 to 10","2014","Baden-Württemberg","indirect migration background","12","","","","3"
"3 on Scale 1 to 10","2014","Bavaria","no migration background","177","0.058505672851176","0.0504105785650955","0.0666007671372565","3"
"3 on Scale 1 to 10","2014","Bavaria","direct migration background","47","0.0513054598732874","0.0368918809907915","0.0657190387557832","3"
"3 on Scale 1 to 10","2014","Bavaria","indirect migration background","9","","","","3"
"3 on Scale 1 to 10","2014","Berlin","no migration background","61","0.0927983471177733","0.0726419180773139","0.112954776158233","3"
"3 on Scale 1 to 10","2014","Berlin","direct migration background","7","","","","3"
"3 on Scale 1 to 10","2014","Berlin","indirect migration background","4","","","","3"
"3 on Scale 1 to 10","2014","Brandenburg","no migration background","61","0.0655764279714693","0.0495372053643695","0.0816156505785691","3"
"3 on Scale 1 to 10","2014","Brandenburg","direct migration background","7","","","","3"
"3 on Scale 1 to 10","2014","Brandenburg","indirect migration background","","","","","3"
"3 on Scale 1 to 10","2014","Mecklenburg-Western Pomerania","no migration background","43","0.0803903075271834","0.0573075281041128","0.103473086950254","3"
"3 on Scale 1 to 10","2014","Mecklenburg-Western Pomerania","direct migration background","","","","","3"
"3 on Scale 1 to 10","2014","Mecklenburg-Western Pomerania","indirect migration background","1","","","","3"
"3 on Scale 1 to 10","2014","Saxony","no migration background","85","0.0524323438858376","0.0412488997013683","0.0636157880703069","3"
"3 on Scale 1 to 10","2014","Saxony","direct migration background","6","","","","3"
"3 on Scale 1 to 10","2014","Saxony","indirect migration background","1","","","","3"
"3 on Scale 1 to 10","2014","Saxony-Anhalt","no migration background","53","0.0620556026691728","0.0460702173138415","0.078040988024504","3"
"3 on Scale 1 to 10","2014","Saxony-Anhalt","direct migration background","3","","","","3"
"3 on Scale 1 to 10","2014","Saxony-Anhalt","indirect migration background","2","","","","3"
"3 on Scale 1 to 10","2014","Thuringia","no migration background","48","0.055295111131375","0.0406842567207873","0.0699059655419628","3"
"3 on Scale 1 to 10","2014","Thuringia","direct migration background","1","","","","3"
"3 on Scale 1 to 10","2014","Thuringia","indirect migration background","","","","","3"
"4 on Scale 1 to 10","2014","Hesse","direct migration background","40","0.0909727751169181","0.064750445638657","0.117195104595179","4"
"4 on Scale 1 to 10","2014","Bremen","no migration background","7","","","","4"
"4 on Scale 1 to 10","2014","North Rhine-Westphalia","indirect migration background","28","","","","4"
"4 on Scale 1 to 10","2014","Hesse","no migration background","82","0.0606351087120424","0.0474782019649179","0.073792015459167","4"
"4 on Scale 1 to 10","2014","North Rhine-Westphalia","no migration background","246","0.0694413546856575","0.0613247646528119","0.0775579447185031","4"
"4 on Scale 1 to 10","2014","Bremen","direct migration background","3","","","","4"
"4 on Scale 1 to 10","2014","Bremen","indirect migration background","1","","","","4"
"4 on Scale 1 to 10","2014","Schleswig-Holstein","no migration background","57","0.102382999557402","0.0799095902132849","0.124856408901519","4"
"4 on Scale 1 to 10","2014","Rhineland-Palatinate,Saarland","direct migration background","15","","","","4"
"4 on Scale 1 to 10","2014","Lower Saxony","no migration background","131","0.0647878612976789","0.0540375696286136","0.0755381529667442","4"
"4 on Scale 1 to 10","2014","Lower Saxony","direct migration background","31","0.0700657995891626","0.0472779301133115","0.0928536690650137","4"
"4 on Scale 1 to 10","2014","North Rhine-Westphalia","direct migration background","93","0.0930196236901351","0.0776052053875158","0.108434041992754","4"
"4 on Scale 1 to 10","2014","Hesse","indirect migration background","15","","","","4"
"4 on Scale 1 to 10","2014","Hamburg","indirect migration background","1","","","","4"
"4 on Scale 1 to 10","2014","Rhineland-Palatinate,Saarland","indirect migration background","6","","","","4"
"4 on Scale 1 to 10","2014","Baden-Württemberg","no migration background","140","0.0713848405059749","0.0605645395173201","0.0822051414946296","4"
"4 on Scale 1 to 10","2014","Lower Saxony","indirect migration background","6","","","","4"
"4 on Scale 1 to 10","2014","Baden-Württemberg","indirect migration background","15","","","","4"
"4 on Scale 1 to 10","2014","Bavaria","no migration background","198","0.0671800953312706","0.0585456731707092","0.075814517491832","4"
"4 on Scale 1 to 10","2014","Bavaria","direct migration background","57","0.0739537085414567","0.056856580529811","0.0910508365531024","4"
"4 on Scale 1 to 10","2014","Rhineland-Palatinate,Saarland","no migration background","59","0.0482636992923968","0.0355693731560554","0.0609580254287381","4"
"4 on Scale 1 to 10","2014","Baden-Württemberg","direct migration background","38","0.0507397953252857","0.0349910605144627","0.0664885301361086","4"
"4 on Scale 1 to 10","2014","Schleswig-Holstein","direct migration background","11","","","","4"
"4 on Scale 1 to 10","2014","Schleswig-Holstein","indirect migration background","6","","","","4"
"4 on Scale 1 to 10","2014","Hamburg","no migration background","19","","","","4"
"4 on Scale 1 to 10","2014","Hamburg","direct migration background","4","","","","4"
"4 on Scale 1 to 10","2014","Bavaria","indirect migration background","20","","","","4"
"4 on Scale 1 to 10","2014","Berlin","no migration background","53","0.0497544469304747","0.0346492833921816","0.0648596104687679","4"
"4 on Scale 1 to 10","2014","Berlin","direct migration background","8","","","","4"
"4 on Scale 1 to 10","2014","Berlin","indirect migration background","6","","","","4"
"4 on Scale 1 to 10","2014","Brandenburg","no migration background","76","0.0803930717955036","0.0627754219973885","0.0980107215936187","4"
"4 on Scale 1 to 10","2014","Brandenburg","direct migration background","3","","","","4"
"4 on Scale 1 to 10","2014","Brandenburg","indirect migration background","","","","","4"
"4 on Scale 1 to 10","2014","Mecklenburg-Western Pomerania","no migration background","32","0.0855991644535686","0.0618478550937612","0.109350473813376","4"
"4 on Scale 1 to 10","2014","Mecklenburg-Western Pomerania","direct migration background","4","","","","4"
"4 on Scale 1 to 10","2014","Mecklenburg-Western Pomerania","indirect migration background","2","","","","4"
"4 on Scale 1 to 10","2014","Saxony","no migration background","104","0.0766208645531977","0.0632753790837043","0.0899663500226912","4"
"4 on Scale 1 to 10","2014","Saxony","direct migration background","8","","","","4"
"4 on Scale 1 to 10","2014","Saxony","indirect migration background","4","","","","4"
"4 on Scale 1 to 10","2014","Saxony-Anhalt","no migration background","57","0.0525985643998979","0.037807547639252","0.0673895811605439","4"
"4 on Scale 1 to 10","2014","Saxony-Anhalt","direct migration background","2","","","","4"
"4 on Scale 1 to 10","2014","Saxony-Anhalt","indirect migration background","1","","","","4"
"4 on Scale 1 to 10","2014","Thuringia","no migration background","50","0.0594169724993502","0.0443044140787356","0.0745295309199649","4"
"4 on Scale 1 to 10","2014","Thuringia","direct migration background","4","","","","4"
"4 on Scale 1 to 10","2014","Thuringia","indirect migration background","1","","","","4"
"5 on Scale 1 to 10","2014","Schleswig-Holstein","no migration background","84","0.103751951205718","0.0811460538539397","0.126357848557497","5"
"5 on Scale 1 to 10","2014","Schleswig-Holstein","direct migration background","24","","","","5"
"5 on Scale 1 to 10","2014","Schleswig-Holstein","indirect migration background","6","","","","5"
"5 on Scale 1 to 10","2014","Hamburg","no migration background","35","0.119961716893026","0.0830714261617362","0.156852007624317","5"
"5 on Scale 1 to 10","2014","Hamburg","direct migration background","19","","","","5"
"5 on Scale 1 to 10","2014","Hamburg","indirect migration background","8","","","","5"
"5 on Scale 1 to 10","2014","Lower Saxony","no migration background","215","0.109588535512664","0.0959459623624954","0.123231108662833","5"
"5 on Scale 1 to 10","2014","Lower Saxony","direct migration background","49","0.0836947801093782","0.0589721973972843","0.108417362821472","5"
"5 on Scale 1 to 10","2014","Hesse","indirect migration background","20","","","","5"
"5 on Scale 1 to 10","2014","Rhineland-Palatinate,Saarland","no migration background","139","0.135062060366447","0.114817880353801","0.155306240379093","5"
"5 on Scale 1 to 10","2014","Rhineland-Palatinate,Saarland","direct migration background","59","0.187099450271232","0.147732444827569","0.226466455714894","5"
"5 on Scale 1 to 10","2014","Rhineland-Palatinate,Saarland","indirect migration background","18","","","","5"
"5 on Scale 1 to 10","2014","Baden-Württemberg","no migration background","215","0.0984759933024914","0.0859540338412827","0.1109979527637","5"
"5 on Scale 1 to 10","2014","Baden-Württemberg","direct migration background","75","0.0865319406671246","0.0663569388588105","0.106706942475439","5"
"5 on Scale 1 to 10","2014","Baden-Württemberg","indirect migration background","27","","","","5"
"5 on Scale 1 to 10","2014","Bavaria","direct migration background","114","0.14703748772253","0.12390055171795","0.170174423727111","5"
"5 on Scale 1 to 10","2014","Bavaria","indirect migration background","42","0.120117506346268","0.0830193288030129","0.157215683889522","5"
"5 on Scale 1 to 10","2014","Berlin","no migration background","90","0.102294664219867","0.0812430718998622","0.123346256539872","5"
"5 on Scale 1 to 10","2014","Berlin","direct migration background","18","","","","5"
"5 on Scale 1 to 10","2014","Berlin","indirect migration background","9","","","","5"
"5 on Scale 1 to 10","2014","Brandenburg","no migration background","106","0.120561275594444","0.0994631315206632","0.141659419668224","5"
"5 on Scale 1 to 10","2014","Brandenburg","direct migration background","10","","","","5"
"5 on Scale 1 to 10","2014","Brandenburg","indirect migration background","3","","","","5"
"5 on Scale 1 to 10","2014","Mecklenburg-Western Pomerania","no migration background","70","0.116457106848536","0.0892249961490259","0.143689217548046","5"
"5 on Scale 1 to 10","2014","Mecklenburg-Western Pomerania","direct migration background","","","","","5"
"5 on Scale 1 to 10","2014","Mecklenburg-Western Pomerania","indirect migration background","1","","","","5"
"5 on Scale 1 to 10","2014","Bavaria","no migration background","345","0.114900451157341","0.103901000516944","0.125899901797738","5"
"5 on Scale 1 to 10","2014","Bremen","no migration background","14","","","","5"
"5 on Scale 1 to 10","2014","Lower Saxony","indirect migration background","15","","","","5"
"5 on Scale 1 to 10","2014","Bremen","direct migration background","4","","","","5"
"5 on Scale 1 to 10","2014","Bremen","indirect migration background","2","","","","5"
"5 on Scale 1 to 10","2014","North Rhine-Westphalia","no migration background","425","0.112848055527792","0.102745326876581","0.122950784179003","5"
"5 on Scale 1 to 10","2014","North Rhine-Westphalia","direct migration background","169","0.124417757596214","0.106901933977782","0.141933581214645","5"
"5 on Scale 1 to 10","2014","North Rhine-Westphalia","indirect migration background","50","0.091461265738781","0.0668500475375879","0.116072483939974","5"
"5 on Scale 1 to 10","2014","Hesse","no migration background","144","0.115925194931518","0.0982766876507163","0.133573702212319","5"
"5 on Scale 1 to 10","2014","Hesse","direct migration background","64","0.123447839779433","0.0934522274023132","0.153443452156552","5"
"5 on Scale 1 to 10","2014","Saxony-Anhalt","no migration background","126","0.180106361450007","0.154644664240718","0.205568058659297","5"
"5 on Scale 1 to 10","2014","Saxony-Anhalt","direct migration background","7","","","","5"
"5 on Scale 1 to 10","2014","Saxony-Anhalt","indirect migration background","1","","","","5"
"5 on Scale 1 to 10","2014","Thuringia","no migration background","120","0.134273550234132","0.112477904345319","0.156069196122944","5"
"5 on Scale 1 to 10","2014","Thuringia","direct migration background","7","","","","5"
"5 on Scale 1 to 10","2014","Thuringia","indirect migration background","1","","","","5"
"5 on Scale 1 to 10","2014","Saxony","indirect migration background","3","","","","5"
"5 on Scale 1 to 10","2014","Saxony","no migration background","179","0.126169218203925","0.109509747472802","0.142828688935047","5"
"5 on Scale 1 to 10","2014","Saxony","direct migration background","7","","","","5"
"6 on Scale 1 to 10","2014","Bremen","no migration background","14","","","","6"
"6 on Scale 1 to 10","2014","Schleswig-Holstein","no migration background","78","0.094878088608819","0.0731537778867207","0.116602399330917","6"
"6 on Scale 1 to 10","2014","Schleswig-Holstein","direct migration background","24","","","","6"
"6 on Scale 1 to 10","2014","Schleswig-Holstein","indirect migration background","6","","","","6"
"6 on Scale 1 to 10","2014","Hamburg","no migration background","36","0.148136154664985","0.10780361350606","0.188468695823909","6"
"6 on Scale 1 to 10","2014","Hamburg","direct migration background","11","","","","6"
"6 on Scale 1 to 10","2014","Hamburg","indirect migration background","4","","","","6"
"6 on Scale 1 to 10","2014","Lower Saxony","no migration background","241","0.109520840036894","0.0958819627773778","0.123159717296411","6"
"6 on Scale 1 to 10","2014","Lower Saxony","direct migration background","52","0.0903480720923141","0.0647550460313388","0.115941098153289","6"
"6 on Scale 1 to 10","2014","Lower Saxony","indirect migration background","9","","","","6"
"6 on Scale 1 to 10","2014","Bremen","direct migration background","8","","","","6"
"6 on Scale 1 to 10","2014","Bremen","indirect migration background","2","","","","6"
"6 on Scale 1 to 10","2014","North Rhine-Westphalia","no migration background","410","0.0986255149844614","0.0891054499289653","0.108145580039958","6"
"6 on Scale 1 to 10","2014","North Rhine-Westphalia","direct migration background","137","0.0907707418710225","0.0755249302397202","0.106016553502325","6"
"6 on Scale 1 to 10","2014","North Rhine-Westphalia","indirect migration background","62","0.108501315567982","0.0819478849358057","0.135054746200159","6"
"6 on Scale 1 to 10","2014","Hesse","no migration background","144","0.10499462638399","0.0880952409331813","0.121894011834798","6"
"6 on Scale 1 to 10","2014","Hesse","direct migration background","40","0.109914322079511","0.0813929671899455","0.138435676969076","6"
"6 on Scale 1 to 10","2014","Hesse","indirect migration background","14","","","","6"
"6 on Scale 1 to 10","2014","Rhineland-Palatinate,Saarland","no migration background","106","0.0904870345965791","0.0734952631968288","0.107478805996329","6"
"6 on Scale 1 to 10","2014","Rhineland-Palatinate,Saarland","direct migration background","31","0.0903917458626303","0.0614470494009933","0.119336442324267","6"
"6 on Scale 1 to 10","2014","Rhineland-Palatinate,Saarland","indirect migration background","15","","","","6"
"6 on Scale 1 to 10","2014","Baden-Württemberg","no migration background","253","0.116661782814285","0.103170716561337","0.130152849067234","6"
"6 on Scale 1 to 10","2014","Baden-Württemberg","direct migration background","58","0.0788348788366071","0.0594970985155002","0.098172659157714","6"
"6 on Scale 1 to 10","2014","Baden-Württemberg","indirect migration background","37","0.109164697743137","0.0746723238766998","0.143657071609575","6"
"6 on Scale 1 to 10","2014","Bavaria","no migration background","328","0.103927449198582","0.0934017540035887","0.114453144393574","6"
"6 on Scale 1 to 10","2014","Bavaria","direct migration background","87","0.112792936222791","0.092125800908872","0.133460071536711","6"
"6 on Scale 1 to 10","2014","Bavaria","indirect migration background","21","","","","6"
"6 on Scale 1 to 10","2014","Berlin","no migration background","87","0.109187356374307","0.0875217464874782","0.130852966261137","6"
"6 on Scale 1 to 10","2014","Berlin","direct migration background","19","","","","6"
"6 on Scale 1 to 10","2014","Berlin","indirect migration background","8","","","","6"
"6 on Scale 1 to 10","2014","Brandenburg","no migration background","110","0.122112616879542","0.100897901143909","0.143327332615176","6"
"6 on Scale 1 to 10","2014","Brandenburg","direct migration background","4","","","","6"
"6 on Scale 1 to 10","2014","Brandenburg","indirect migration background","3","","","","6"
"6 on Scale 1 to 10","2014","Mecklenburg-Western Pomerania","no migration background","52","0.0710593873407992","0.0492477036463113","0.0928710710352871","6"
"6 on Scale 1 to 10","2014","Mecklenburg-Western Pomerania","direct migration background","2","","","","6"
"6 on Scale 1 to 10","2014","Mecklenburg-Western Pomerania","indirect migration background","1","","","","6"
"6 on Scale 1 to 10","2014","Saxony","no migration background","158","0.11732827320437","0.101182019525018","0.133474526883722","6"
"6 on Scale 1 to 10","2014","Saxony","direct migration background","10","","","","6"
"6 on Scale 1 to 10","2014","Saxony","indirect migration background","1","","","","6"
"6 on Scale 1 to 10","2014","Saxony-Anhalt","no migration background","103","0.128349773888165","0.106187580407278","0.150511967369052","6"
"6 on Scale 1 to 10","2014","Saxony-Anhalt","direct migration background","7","","","","6"
"6 on Scale 1 to 10","2014","Saxony-Anhalt","indirect migration background","2","","","","6"
"6 on Scale 1 to 10","2014","Thuringia","no migration background","111","0.106643508887166","0.0869118419562579","0.126375175818073","6"
"6 on Scale 1 to 10","2014","Thuringia","direct migration background","6","","","","6"
"6 on Scale 1 to 10","2014","Thuringia","indirect migration background","3","","","","6"
"7 on Scale 1 to 10","2014","Rhineland-Palatinate,Saarland","direct migration background","53","0.130093246285308","0.096135321448541","0.164051171122076","7"
"7 on Scale 1 to 10","2014","Hesse","indirect migration background","32","0.239413553816573","0.174302492189019","0.304524615444126","7"
"7 on Scale 1 to 10","2014","Rhineland-Palatinate,Saarland","no migration background","146","0.139737094484156","0.119201253909468","0.160272935058843","7"
"7 on Scale 1 to 10","2014","Rhineland-Palatinate,Saarland","indirect migration background","18","","","","7"
"7 on Scale 1 to 10","2014","Schleswig-Holstein","no migration background","107","0.146792707108652","0.120557226619803","0.173028187597501","7"
"7 on Scale 1 to 10","2014","Schleswig-Holstein","direct migration background","31","0.163704695123527","0.109348570356994","0.21806081989006","7"
"7 on Scale 1 to 10","2014","Schleswig-Holstein","indirect migration background","7","","","","7"
"7 on Scale 1 to 10","2014","Hamburg","no migration background","52","0.185669825361031","0.141521840263346","0.229817810458716","7"
"7 on Scale 1 to 10","2014","Hamburg","direct migration background","12","","","","7"
"7 on Scale 1 to 10","2014","Hamburg","indirect migration background","6","","","","7"
"7 on Scale 1 to 10","2014","Lower Saxony","no migration background","325","0.131756905930872","0.116985367776577","0.146528444085167","7"
"7 on Scale 1 to 10","2014","Lower Saxony","direct migration background","64","0.135050090660171","0.104538314427719","0.165561866892623","7"
"7 on Scale 1 to 10","2014","Lower Saxony","indirect migration background","10","","","","7"
"7 on Scale 1 to 10","2014","Bremen","no migration background","27","","","","7"
"7 on Scale 1 to 10","2014","Bremen","direct migration background","9","","","","7"
"7 on Scale 1 to 10","2014","Bremen","indirect migration background","3","","","","7"
"7 on Scale 1 to 10","2014","North Rhine-Westphalia","no migration background","590","0.151194233123628","0.139755855819387","0.162632610427868","7"
"7 on Scale 1 to 10","2014","North Rhine-Westphalia","direct migration background","187","0.154628480531448","0.135441375355474","0.173815585707421","7"
"7 on Scale 1 to 10","2014","North Rhine-Westphalia","indirect migration background","86","0.141716966431844","0.111940787138314","0.171493145725375","7"
"7 on Scale 1 to 10","2014","Hesse","no migration background","232","0.164333164401832","0.143903852142229","0.184762476661436","7"
"7 on Scale 1 to 10","2014","Hesse","direct migration background","56","0.106696660313154","0.0785451308433246","0.134848189782984","7"
"7 on Scale 1 to 10","2014","Baden-Württemberg","no migration background","402","0.173442019091217","0.157529743844535","0.1893542943379","7"
"7 on Scale 1 to 10","2014","Baden-Württemberg","direct migration background","106","0.173763257145677","0.146573213561177","0.200953300730178","7"
"7 on Scale 1 to 10","2014","Baden-Württemberg","indirect migration background","50","0.145264141382088","0.10628983096642","0.184238451797755","7"
"7 on Scale 1 to 10","2014","Bavaria","no migration background","514","0.160866036259438","0.148193547966689","0.173538524552187","7"
"7 on Scale 1 to 10","2014","Bavaria","direct migration background","123","0.102766850822254","0.0829284794589886","0.122605222185519","7"
"7 on Scale 1 to 10","2014","Bavaria","indirect migration background","57","0.194134604514939","0.148998942753069","0.239270266276809","7"
"7 on Scale 1 to 10","2014","Berlin","no migration background","136","0.170935057311306","0.1447832683021","0.197086846320513","7"
"7 on Scale 1 to 10","2014","Berlin","direct migration background","20","","","","7"
"7 on Scale 1 to 10","2014","Berlin","indirect migration background","10","","","","7"
"7 on Scale 1 to 10","2014","Brandenburg","no migration background","130","0.142218800512092","0.11958777097965","0.164849830044534","7"
"7 on Scale 1 to 10","2014","Brandenburg","direct migration background","13","","","","7"
"7 on Scale 1 to 10","2014","Brandenburg","indirect migration background","2","","","","7"
"7 on Scale 1 to 10","2014","Mecklenburg-Western Pomerania","no migration background","80","0.126276900288698","0.0980779233861346","0.15447587719126","7"
"7 on Scale 1 to 10","2014","Mecklenburg-Western Pomerania","direct migration background","3","","","","7"
"7 on Scale 1 to 10","2014","Mecklenburg-Western Pomerania","indirect migration background","","","","","7"
"7 on Scale 1 to 10","2014","Saxony","no migration background","257","0.156174517384079","0.137960647543086","0.174388387225072","7"
"7 on Scale 1 to 10","2014","Saxony","direct migration background","10","","","","7"
"7 on Scale 1 to 10","2014","Saxony","indirect migration background","3","","","","7"
"7 on Scale 1 to 10","2014","Saxony-Anhalt","no migration background","118","0.133702704313869","0.111152647541184","0.156252761086554","7"
"7 on Scale 1 to 10","2014","Saxony-Anhalt","direct migration background","8","","","","7"
"7 on Scale 1 to 10","2014","Saxony-Anhalt","indirect migration background","2","","","","7"
"7 on Scale 1 to 10","2014","Thuringia","no migration background","148","0.141296165618539","0.119028686509539","0.163563644727539","7"
"7 on Scale 1 to 10","2014","Thuringia","direct migration background","6","","","","7"
"7 on Scale 1 to 10","2014","Thuringia","indirect migration background","1","","","","7"
"8 on Scale 1 to 10","2014","Schleswig-Holstein","no migration background","146","0.222392680548899","0.191564356325685","0.253221004772113","8"
"8 on Scale 1 to 10","2014","Schleswig-Holstein","direct migration background","36","0.165828689056579","0.111190594134926","0.220466783978232","8"
"8 on Scale 1 to 10","2014","Schleswig-Holstein","indirect migration background","13","","","","8"
"8 on Scale 1 to 10","2014","Hamburg","no migration background","58","0.180362034409867","0.13670808357442","0.224015985245315","8"
"8 on Scale 1 to 10","2014","Hamburg","direct migration background","19","","","","8"
"8 on Scale 1 to 10","2014","Hamburg","indirect migration background","6","","","","8"
"8 on Scale 1 to 10","2014","Lower Saxony","no migration background","434","0.223124452863614","0.204941363711718","0.24130754201551","8"
"8 on Scale 1 to 10","2014","Lower Saxony","direct migration background","88","0.190541931126815","0.155481517821897","0.225602344431733","8"
"8 on Scale 1 to 10","2014","Lower Saxony","indirect migration background","31","0.300300198079225","0.217593482963297","0.383006913195153","8"
"8 on Scale 1 to 10","2014","Bremen","no migration background","24","","","","8"
"8 on Scale 1 to 10","2014","Bremen","direct migration background","15","","","","8"
"8 on Scale 1 to 10","2014","Bremen","indirect migration background","3","","","","8"
"8 on Scale 1 to 10","2014","North Rhine-Westphalia","no migration background","756","0.207191355600633","0.194250510216631","0.220132200984634","8"
"8 on Scale 1 to 10","2014","North Rhine-Westphalia","direct migration background","272","0.173682306210853","0.153577855096838","0.193786757324868","8"
"8 on Scale 1 to 10","2014","North Rhine-Westphalia","indirect migration background","105","0.222473915566518","0.186964803178428","0.257983027954609","8"
"8 on Scale 1 to 10","2014","Hesse","no migration background","262","0.207249961839985","0.184904469935709","0.229595453744261","8"
"8 on Scale 1 to 10","2014","Hesse","direct migration background","89","0.142056563248362","0.110222865886609","0.173890260610115","8"
"8 on Scale 1 to 10","2014","Hesse","indirect migration background","43","0.282408328186122","0.2137199023258","0.351096754046444","8"
"8 on Scale 1 to 10","2014","Rhineland-Palatinate,Saarland","no migration background","226","0.212208301791885","0.187990879418166","0.236425724165605","8"
"8 on Scale 1 to 10","2014","Rhineland-Palatinate,Saarland","direct migration background","75","0.157097933333713","0.120365372107542","0.193830494559884","8"
"8 on Scale 1 to 10","2014","Rhineland-Palatinate,Saarland","indirect migration background","28","","","","8"
"8 on Scale 1 to 10","2014","Baden-Württemberg","no migration background","465","0.196955277055258","0.180241594959544","0.213668959150971","8"
"8 on Scale 1 to 10","2014","Baden-Württemberg","direct migration background","168","0.227631944530205","0.197542966781175","0.257720922279235","8"
"8 on Scale 1 to 10","2014","Baden-Württemberg","indirect migration background","67","0.259431340055731","0.210949716947586","0.307912963163876","8"
"8 on Scale 1 to 10","2014","Bavaria","no migration background","656","0.190707037763801","0.177156694081025","0.204257381446577","8"
"8 on Scale 1 to 10","2014","Bavaria","direct migration background","178","0.197438712554709","0.171432201351873","0.223445223757545","8"
"8 on Scale 1 to 10","2014","Bavaria","indirect migration background","53","0.214019066999114","0.167216537939821","0.260821596058406","8"
"8 on Scale 1 to 10","2014","Berlin","no migration background","142","0.165821952060025","0.139984960266877","0.191658943853174","8"
"8 on Scale 1 to 10","2014","Berlin","direct migration background","20","","","","8"
"8 on Scale 1 to 10","2014","Berlin","indirect migration background","10","","","","8"
"8 on Scale 1 to 10","2014","Brandenburg","no migration background","206","0.21208829818421","0.18560118222252","0.238575414145899","8"
"8 on Scale 1 to 10","2014","Brandenburg","direct migration background","15","","","","8"
"8 on Scale 1 to 10","2014","Brandenburg","indirect migration background","2","","","","8"
"8 on Scale 1 to 10","2014","Mecklenburg-Western Pomerania","no migration background","113","0.245186221252685","0.208664400013504","0.281708042491866","8"
"8 on Scale 1 to 10","2014","Mecklenburg-Western Pomerania","direct migration background","3","","","","8"
"8 on Scale 1 to 10","2014","Mecklenburg-Western Pomerania","indirect migration background","2","","","","8"
"8 on Scale 1 to 10","2014","Saxony-Anhalt","no migration background","172","0.19052292368837","0.164502164684474","0.216543682692267","8"
"8 on Scale 1 to 10","2014","Saxony-Anhalt","direct migration background","13","","","","8"
"8 on Scale 1 to 10","2014","Saxony-Anhalt","indirect migration background","7","","","","8"
"8 on Scale 1 to 10","2014","Thuringia","no migration background","190","0.202032759321505","0.176365021588418","0.227700497054591","8"
"8 on Scale 1 to 10","2014","Thuringia","direct migration background","7","","","","8"
"8 on Scale 1 to 10","2014","Thuringia","indirect migration background","2","","","","8"
"8 on Scale 1 to 10","2014","Saxony","no migration background","347","0.216820878047852","0.1961455730749","0.237496183020803","8"
"8 on Scale 1 to 10","2014","Saxony","direct migration background","22","","","","8"
"8 on Scale 1 to 10","2014","Saxony","indirect migration background","6","","","","8"
"9 on Scale 1 to 10","2014","Bavaria","direct migration background","105","0.0898491884291847","0.0711664473096899","0.108531929548679","9"
"9 on Scale 1 to 10","2014","Bavaria","indirect migration background","38","0.149041327504725","0.108402172197908","0.189680482811543","9"
"9 on Scale 1 to 10","2014","Berlin","no migration background","104","0.122648615559927","0.099860434302962","0.145436796816892","9"
"9 on Scale 1 to 10","2014","Rhineland-Palatinate,Saarland","direct migration background","49","0.0983395596240835","0.0682813538409055","0.128397765407262","9"
"9 on Scale 1 to 10","2014","Rhineland-Palatinate,Saarland","indirect migration background","10","","","","9"
"9 on Scale 1 to 10","2014","Baden-Württemberg","no migration background","300","0.129776484270764","0.115653324565743","0.143899643975786","9"
"9 on Scale 1 to 10","2014","Baden-Württemberg","indirect migration background","40","0.151513957200583","0.111855853968021","0.191172060433145","9"
"9 on Scale 1 to 10","2014","Bavaria","no migration background","483","0.13656495965886","0.12472095570751","0.14840896361021","9"
"9 on Scale 1 to 10","2014","Berlin","direct migration background","19","","","","9"
"9 on Scale 1 to 10","2014","Berlin","indirect migration background","7","","","","9"
"9 on Scale 1 to 10","2014","Brandenburg","no migration background","119","0.130962129184611","0.109103155922527","0.152821102446695","9"
"9 on Scale 1 to 10","2014","Brandenburg","direct migration background","13","","","","9"
"9 on Scale 1 to 10","2014","Brandenburg","indirect migration background","","","","","9"
"9 on Scale 1 to 10","2014","Mecklenburg-Western Pomerania","no migration background","70","0.143877143986514","0.114081797751713","0.173672490221314","9"
"9 on Scale 1 to 10","2014","Baden-Württemberg","direct migration background","97","0.138935118527796","0.1141150695773","0.163755167478293","9"
"9 on Scale 1 to 10","2014","Hesse","indirect migration background","18","","","","9"
"9 on Scale 1 to 10","2014","Rhineland-Palatinate,Saarland","no migration background","169","0.160442827214513","0.138704489934878","0.182181164494148","9"
"9 on Scale 1 to 10","2014","Schleswig-Holstein","no migration background","96","0.152792943366924","0.126120921781916","0.179464964951931","9"
"9 on Scale 1 to 10","2014","Schleswig-Holstein","direct migration background","16","","","","9"
"9 on Scale 1 to 10","2014","Schleswig-Holstein","indirect migration background","4","","","","9"
"9 on Scale 1 to 10","2014","Hamburg","no migration background","44","0.122355861650394","0.0851499819805153","0.159561741320272","9"
"9 on Scale 1 to 10","2014","Hamburg","direct migration background","21","","","","9"
"9 on Scale 1 to 10","2014","Hamburg","indirect migration background","6","","","","9"
"9 on Scale 1 to 10","2014","Lower Saxony","no migration background","230","0.117023034073319","0.102984274963838","0.131061793182801","9"
"9 on Scale 1 to 10","2014","Lower Saxony","direct migration background","67","0.136161032950445","0.105543697953845","0.166778367947044","9"
"9 on Scale 1 to 10","2014","Lower Saxony","indirect migration background","13","","","","9"
"9 on Scale 1 to 10","2014","Bremen","no migration background","19","","","","9"
"9 on Scale 1 to 10","2014","Bremen","direct migration background","6","","","","9"
"9 on Scale 1 to 10","2014","Bremen","indirect migration background","","","","","9"
"9 on Scale 1 to 10","2014","North Rhine-Westphalia","no migration background","488","0.123296144735153","0.112798452150376","0.133793837319929","9"
"9 on Scale 1 to 10","2014","North Rhine-Westphalia","direct migration background","166","0.11709583634558","0.100032324639552","0.134159348051608","9"
"9 on Scale 1 to 10","2014","North Rhine-Westphalia","indirect migration background","68","0.161469866129897","0.130054084959571","0.192885647300223","9"
"9 on Scale 1 to 10","2014","Hesse","no migration background","179","0.158136631465499","0.138022022129752","0.178251240801246","9"
"9 on Scale 1 to 10","2014","Hesse","direct migration background","54","0.104287944690155","0.0764184966724666","0.132157392707843","9"
"9 on Scale 1 to 10","2014","Mecklenburg-Western Pomerania","direct migration background","6","","","","9"
"9 on Scale 1 to 10","2014","Mecklenburg-Western Pomerania","indirect migration background","3","","","","9"
"9 on Scale 1 to 10","2014","Saxony","no migration background","200","0.121019515466864","0.104655565404124","0.137383465529604","9"
"9 on Scale 1 to 10","2014","Saxony","direct migration background","8","","","","9"
"9 on Scale 1 to 10","2014","Saxony","indirect migration background","4","","","","9"
"9 on Scale 1 to 10","2014","Saxony-Anhalt","no migration background","111","0.109968668931944","0.0892395331547964","0.130697804709092","9"
"9 on Scale 1 to 10","2014","Saxony-Anhalt","direct migration background","12","","","","9"
"9 on Scale 1 to 10","2014","Saxony-Anhalt","indirect migration background","3","","","","9"
"9 on Scale 1 to 10","2014","Thuringia","no migration background","144","0.167637660873861","0.143758109063475","0.191517212684247","9"
"9 on Scale 1 to 10","2014","Thuringia","direct migration background","4","","","","9"
"9 on Scale 1 to 10","2014","Thuringia","indirect migration background","2","","","","9"
"0 Completely dissatisfied","2015","Schleswig-Holstein","no migration background","4","","","","0"
"0 Completely dissatisfied","2015","Schleswig-Holstein","direct migration background","2","","","","0"
"0 Completely dissatisfied","2015","Schleswig-Holstein","indirect migration background","1","","","","0"
"0 Completely dissatisfied","2015","Hamburg","no migration background","3","","","","0"
"0 Completely dissatisfied","2015","Hamburg","direct migration background","1","","","","0"
"0 Completely dissatisfied","2015","Hamburg","indirect migration background","1","","","","0"
"0 Completely dissatisfied","2015","Lower Saxony","no migration background","15","","","","0"
"0 Completely dissatisfied","2015","Lower Saxony","direct migration background","2","","","","0"
"0 Completely dissatisfied","2015","Lower Saxony","indirect migration background","","","","","0"
"0 Completely dissatisfied","2015","Bremen","no migration background","3","","","","0"
"0 Completely dissatisfied","2015","Bremen","direct migration background","1","","","","0"
"0 Completely dissatisfied","2015","Bremen","indirect migration background","","","","","0"
"0 Completely dissatisfied","2015","North Rhine-Westphalia","no migration background","35","0.00885780873886754","0.0057751445128888","0.0119404729648463","0"
"0 Completely dissatisfied","2015","North Rhine-Westphalia","direct migration background","4","","","","0"
"0 Completely dissatisfied","2015","North Rhine-Westphalia","indirect migration background","2","","","","0"
"0 Completely dissatisfied","2015","Hesse","no migration background","9","","","","0"
"0 Completely dissatisfied","2015","Hesse","direct migration background","3","","","","0"
"0 Completely dissatisfied","2015","Hesse","indirect migration background","","","","","0"
"0 Completely dissatisfied","2015","Rhineland-Palatinate,Saarland","no migration background","8","","","","0"
"0 Completely dissatisfied","2015","Rhineland-Palatinate,Saarland","direct migration background","5","","","","0"
"0 Completely dissatisfied","2015","Rhineland-Palatinate,Saarland","indirect migration background","1","","","","0"
"0 Completely dissatisfied","2015","Baden-Württemberg","no migration background","5","","","","0"
"0 Completely dissatisfied","2015","Baden-Württemberg","direct migration background","5","","","","0"
"0 Completely dissatisfied","2015","Baden-Württemberg","indirect migration background","","","","","0"
"0 Completely dissatisfied","2015","Bavaria","no migration background","21","","","","0"
"0 Completely dissatisfied","2015","Bavaria","direct migration background","3","","","","0"
"0 Completely dissatisfied","2015","Bavaria","indirect migration background","5","","","","0"
"0 Completely dissatisfied","2015","Berlin","no migration background","9","","","","0"
"0 Completely dissatisfied","2015","Berlin","direct migration background","","","","","0"
"0 Completely dissatisfied","2015","Berlin","indirect migration background","","","","","0"
"0 Completely dissatisfied","2015","Brandenburg","no migration background","4","","","","0"
"0 Completely dissatisfied","2015","Brandenburg","direct migration background","","","","","0"
"0 Completely dissatisfied","2015","Brandenburg","indirect migration background","","","","","0"
"0 Completely dissatisfied","2015","Mecklenburg-Western Pomerania","no migration background","2","","","","0"
"0 Completely dissatisfied","2015","Mecklenburg-Western Pomerania","direct migration background","","","","","0"
"0 Completely dissatisfied","2015","Mecklenburg-Western Pomerania","indirect migration background","","","","","0"
"0 Completely dissatisfied","2015","Saxony","no migration background","9","","","","0"
"0 Completely dissatisfied","2015","Saxony","direct migration background","","","","","0"
"0 Completely dissatisfied","2015","Saxony","indirect migration background","1","","","","0"
"0 Completely dissatisfied","2015","Saxony-Anhalt","no migration background","3","","","","0"
"0 Completely dissatisfied","2015","Saxony-Anhalt","direct migration background","","","","","0"
"0 Completely dissatisfied","2015","Saxony-Anhalt","indirect migration background","","","","","0"
"0 Completely dissatisfied","2015","Thuringia","no migration background","1","","","","0"
"0 Completely dissatisfied","2015","Thuringia","direct migration background","","","","","0"
"0 Completely dissatisfied","2015","Thuringia","indirect migration background","1","","","","0"
"1 on Scale 1 to 10","2015","Brandenburg","no migration background","9","","","","1"
"1 on Scale 1 to 10","2015","Berlin","direct migration background","4","","","","1"
"1 on Scale 1 to 10","2015","Berlin","indirect migration background","","","","","1"
"1 on Scale 1 to 10","2015","Bremen","direct migration background","2","","","","1"
"1 on Scale 1 to 10","2015","Bremen","indirect migration background","","","","","1"
"1 on Scale 1 to 10","2015","North Rhine-Westphalia","no migration background","42","0.0113990696381803","0.00790653837653272","0.0148916008998278","1"
"1 on Scale 1 to 10","2015","North Rhine-Westphalia","direct migration background","11","","","","1"
"1 on Scale 1 to 10","2015","North Rhine-Westphalia","indirect migration background","3","","","","1"
"1 on Scale 1 to 10","2015","Hesse","no migration background","9","","","","1"
"1 on Scale 1 to 10","2015","Hesse","direct migration background","4","","","","1"
"1 on Scale 1 to 10","2015","Hesse","indirect migration background","","","","","1"
"1 on Scale 1 to 10","2015","Rhineland-Palatinate,Saarland","no migration background","6","","","","1"
"1 on Scale 1 to 10","2015","Rhineland-Palatinate,Saarland","direct migration background","3","","","","1"
"1 on Scale 1 to 10","2015","Rhineland-Palatinate,Saarland","indirect migration background","1","","","","1"
"1 on Scale 1 to 10","2015","Baden-Württemberg","no migration background","14","","","","1"
"1 on Scale 1 to 10","2015","Baden-Württemberg","direct migration background","4","","","","1"
"1 on Scale 1 to 10","2015","Baden-Württemberg","indirect migration background","2","","","","1"
"1 on Scale 1 to 10","2015","Bavaria","no migration background","29","","","","1"
"1 on Scale 1 to 10","2015","Bavaria","direct migration background","8","","","","1"
"1 on Scale 1 to 10","2015","Bavaria","indirect migration background","","","","","1"
"1 on Scale 1 to 10","2015","Berlin","no migration background","13","","","","1"
"1 on Scale 1 to 10","2015","Brandenburg","direct migration background","4","","","","1"
"1 on Scale 1 to 10","2015","Brandenburg","indirect migration background","","","","","1"
"1 on Scale 1 to 10","2015","Mecklenburg-Western Pomerania","no migration background","6","","","","1"
"1 on Scale 1 to 10","2015","Mecklenburg-Western Pomerania","direct migration background","","","","","1"
"1 on Scale 1 to 10","2015","Mecklenburg-Western Pomerania","indirect migration background","","","","","1"
"1 on Scale 1 to 10","2015","Saxony","no migration background","19","","","","1"
"1 on Scale 1 to 10","2015","Saxony","direct migration background","","","","","1"
"1 on Scale 1 to 10","2015","Saxony","indirect migration background","","","","","1"
"1 on Scale 1 to 10","2015","Saxony-Anhalt","no migration background","4","","","","1"
"1 on Scale 1 to 10","2015","Saxony-Anhalt","direct migration background","","","","","1"
"1 on Scale 1 to 10","2015","Saxony-Anhalt","indirect migration background","2","","","","1"
"1 on Scale 1 to 10","2015","Thuringia","no migration background","10","","","","1"
"1 on Scale 1 to 10","2015","Thuringia","direct migration background","","","","","1"
"1 on Scale 1 to 10","2015","Thuringia","indirect migration background","","","","","1"
"1 on Scale 1 to 10","2015","Schleswig-Holstein","no migration background","5","","","","1"
"1 on Scale 1 to 10","2015","Schleswig-Holstein","direct migration background","1","","","","1"
"1 on Scale 1 to 10","2015","Schleswig-Holstein","indirect migration background","","","","","1"
"1 on Scale 1 to 10","2015","Hamburg","no migration background","2","","","","1"
"1 on Scale 1 to 10","2015","Hamburg","direct migration background","1","","","","1"
"1 on Scale 1 to 10","2015","Hamburg","indirect migration background","","","","","1"
"1 on Scale 1 to 10","2015","Lower Saxony","no migration background","17","","","","1"
"1 on Scale 1 to 10","2015","Lower Saxony","direct migration background","4","","","","1"
"1 on Scale 1 to 10","2015","Lower Saxony","indirect migration background","","","","","1"
"1 on Scale 1 to 10","2015","Bremen","no migration background","1","","","","1"
"10 Completely satisfied","2015","Thuringia","indirect migration background","","","","","10"
"10 Completely satisfied","2015","North Rhine-Westphalia","no migration background","375","0.0941051368205158","0.0844991794477456","0.103711094193286","10"
"10 Completely satisfied","2015","North Rhine-Westphalia","direct migration background","140","0.0986101748250223","0.081468146155524","0.11575220349452","10"
"10 Completely satisfied","2015","Hesse","no migration background","87","0.0776716391158916","0.0625216431876005","0.0928216350441828","10"
"10 Completely satisfied","2015","Bremen","direct migration background","4","","","","10"
"10 Completely satisfied","2015","Bremen","indirect migration background","2","","","","10"
"10 Completely satisfied","2015","North Rhine-Westphalia","indirect migration background","66","0.119613000896019","0.090306522083461","0.148919479708576","10"
"10 Completely satisfied","2015","Saxony","indirect migration background","4","","","","10"
"10 Completely satisfied","2015","Saxony-Anhalt","no migration background","58","0.0901820825392208","0.0705526017738192","0.109811563304622","10"
"10 Completely satisfied","2015","Saxony-Anhalt","direct migration background","4","","","","10"
"10 Completely satisfied","2015","Saxony-Anhalt","indirect migration background","3","","","","10"
"10 Completely satisfied","2015","Thuringia","no migration background","65","0.0731455956955696","0.0558637669123835","0.0904274244787557","10"
"10 Completely satisfied","2015","Thuringia","direct migration background","5","","","","10"
"10 Completely satisfied","2015","Hesse","direct migration background","46","0.127587791287694","0.0935929783365199","0.161582604238868","10"
"10 Completely satisfied","2015","Hesse","indirect migration background","13","","","","10"
"10 Completely satisfied","2015","Schleswig-Holstein","no migration background","59","0.073863596123924","0.0542484999944437","0.0934786922534043","10"
"10 Completely satisfied","2015","Schleswig-Holstein","direct migration background","13","","","","10"
"10 Completely satisfied","2015","Schleswig-Holstein","indirect migration background","5","","","","10"
"10 Completely satisfied","2015","Hamburg","no migration background","28","","","","10"
"10 Completely satisfied","2015","Hamburg","direct migration background","12","","","","10"
"10 Completely satisfied","2015","Hamburg","indirect migration background","3","","","","10"
"10 Completely satisfied","2015","Lower Saxony","no migration background","177","0.0992077875698876","0.0857376286745607","0.112677946465214","10"
"10 Completely satisfied","2015","Lower Saxony","direct migration background","65","0.166972792023835","0.131763126153871","0.202182457893799","10"
"10 Completely satisfied","2015","Lower Saxony","indirect migration background","17","","","","10"
"10 Completely satisfied","2015","Bremen","no migration background","5","","","","10"
"10 Completely satisfied","2015","Berlin","direct migration background","8","","","","10"
"10 Completely satisfied","2015","Berlin","indirect migration background","6","","","","10"
"10 Completely satisfied","2015","Brandenburg","no migration background","42","0.0707158172372344","0.0537400820098193","0.0876915524646494","10"
"10 Completely satisfied","2015","Brandenburg","direct migration background","24","","","","10"
"10 Completely satisfied","2015","Brandenburg","indirect migration background","1","","","","10"
"10 Completely satisfied","2015","Mecklenburg-Western Pomerania","no migration background","42","0.0595705624761335","0.0394388931430703","0.0797022318091968","10"
"10 Completely satisfied","2015","Saxony","direct migration background","3","","","","10"
"10 Completely satisfied","2015","Mecklenburg-Western Pomerania","direct migration background","3","","","","10"
"10 Completely satisfied","2015","Mecklenburg-Western Pomerania","indirect migration background","1","","","","10"
"10 Completely satisfied","2015","Saxony","no migration background","104","0.0716950514754841","0.0583425252823243","0.0850475776686439","10"
"10 Completely satisfied","2015","Rhineland-Palatinate,Saarland","no migration background","110","0.103209292572645","0.0848599257698134","0.121558659375477","10"
"10 Completely satisfied","2015","Rhineland-Palatinate,Saarland","direct migration background","34","0.0770361126480343","0.048353508226917","0.105718717069152","10"
"10 Completely satisfied","2015","Rhineland-Palatinate,Saarland","indirect migration background","10","","","","10"
"10 Completely satisfied","2015","Baden-Württemberg","no migration background","193","0.0942333595672475","0.0816325467251607","0.106834172409334","10"
"10 Completely satisfied","2015","Baden-Württemberg","direct migration background","112","0.148961561406547","0.12124654384477","0.176676578968325","10"
"10 Completely satisfied","2015","Baden-Württemberg","indirect migration background","52","0.201654335150523","0.156175245386438","0.247133424914608","10"
"10 Completely satisfied","2015","Bavaria","no migration background","328","0.116105561709685","0.104749517248549","0.127461606170822","10"
"10 Completely satisfied","2015","Bavaria","direct migration background","112","0.142264831558177","0.116677973173383","0.16785168994297","10"
"10 Completely satisfied","2015","Bavaria","indirect migration background","37","0.207929039823257","0.159342014190592","0.256516065455921","10"
"10 Completely satisfied","2015","Berlin","no migration background","65","0.0878233003815027","0.0674854060104021","0.108161194752603","10"
"2 on Scale 1 to 10","2015","Bremen","direct migration background","","","","","2"
"2 on Scale 1 to 10","2015","Bremen","indirect migration background","","","","","2"
"2 on Scale 1 to 10","2015","North Rhine-Westphalia","no migration background","93","0.0310569595586063","0.0253497517859859","0.0367641673312267","2"
"2 on Scale 1 to 10","2015","Schleswig-Holstein","no migration background","17","","","","2"
"2 on Scale 1 to 10","2015","Schleswig-Holstein","direct migration background","6","","","","2"
"2 on Scale 1 to 10","2015","Schleswig-Holstein","indirect migration background","1","","","","2"
"2 on Scale 1 to 10","2015","Hamburg","no migration background","4","","","","2"
"2 on Scale 1 to 10","2015","Hamburg","direct migration background","1","","","","2"
"2 on Scale 1 to 10","2015","Hamburg","indirect migration background","","","","","2"
"2 on Scale 1 to 10","2015","Lower Saxony","no migration background","45","0.0237824721742562","0.0169167010123894","0.030648243336123","2"
"2 on Scale 1 to 10","2015","Lower Saxony","direct migration background","7","","","","2"
"2 on Scale 1 to 10","2015","Lower Saxony","indirect migration background","","","","","2"
"2 on Scale 1 to 10","2015","Bremen","no migration background","4","","","","2"
"2 on Scale 1 to 10","2015","North Rhine-Westphalia","direct migration background","31","0.0285263205940418","0.0189547451765954","0.0380978960114881","2"
"2 on Scale 1 to 10","2015","North Rhine-Westphalia","indirect migration background","11","","","","2"
"2 on Scale 1 to 10","2015","Hesse","no migration background","39","0.0358039604308774","0.0252870855934342","0.0463208352683206","2"
"2 on Scale 1 to 10","2015","Hesse","direct migration background","13","","","","2"
"2 on Scale 1 to 10","2015","Hesse","indirect migration background","4","","","","2"
"2 on Scale 1 to 10","2015","Rhineland-Palatinate,Saarland","no migration background","29","","","","2"
"2 on Scale 1 to 10","2015","Rhineland-Palatinate,Saarland","direct migration background","5","","","","2"
"2 on Scale 1 to 10","2015","Rhineland-Palatinate,Saarland","indirect migration background","4","","","","2"
"2 on Scale 1 to 10","2015","Baden-Württemberg","no migration background","49","0.0244223500576254","0.0177648265269154","0.0310798735883354","2"
"2 on Scale 1 to 10","2015","Baden-Württemberg","direct migration background","15","","","","2"
"2 on Scale 1 to 10","2015","Baden-Württemberg","indirect migration background","9","","","","2"
"2 on Scale 1 to 10","2015","Bavaria","no migration background","90","0.0342075781530742","0.027764351151474","0.0406508051546745","2"
"2 on Scale 1 to 10","2015","Bavaria","direct migration background","22","","","","2"
"2 on Scale 1 to 10","2015","Bavaria","indirect migration background","6","","","","2"
"2 on Scale 1 to 10","2015","Berlin","no migration background","29","","","","2"
"2 on Scale 1 to 10","2015","Berlin","direct migration background","2","","","","2"
"2 on Scale 1 to 10","2015","Berlin","indirect migration background","1","","","","2"
"2 on Scale 1 to 10","2015","Brandenburg","no migration background","33","0.0468472207414934","0.032853950779952","0.0608404907030349","2"
"2 on Scale 1 to 10","2015","Brandenburg","direct migration background","2","","","","2"
"2 on Scale 1 to 10","2015","Brandenburg","indirect migration background","","","","","2"
"2 on Scale 1 to 10","2015","Mecklenburg-Western Pomerania","no migration background","21","","","","2"
"2 on Scale 1 to 10","2015","Mecklenburg-Western Pomerania","direct migration background","","","","","2"
"2 on Scale 1 to 10","2015","Mecklenburg-Western Pomerania","indirect migration background","1","","","","2"
"2 on Scale 1 to 10","2015","Saxony","no migration background","37","0.0289441598994577","0.0202670301407166","0.0376212896581989","2"
"2 on Scale 1 to 10","2015","Saxony","direct migration background","1","","","","2"
"2 on Scale 1 to 10","2015","Saxony","indirect migration background","1","","","","2"
"2 on Scale 1 to 10","2015","Saxony-Anhalt","no migration background","27","","","","2"
"2 on Scale 1 to 10","2015","Saxony-Anhalt","direct migration background","2","","","","2"
"2 on Scale 1 to 10","2015","Saxony-Anhalt","indirect migration background","","","","","2"
"2 on Scale 1 to 10","2015","Thuringia","no migration background","24","","","","2"
"2 on Scale 1 to 10","2015","Thuringia","direct migration background","2","","","","2"
"2 on Scale 1 to 10","2015","Thuringia","indirect migration background","","","","","2"
"3 on Scale 1 to 10","2015","Schleswig-Holstein","no migration background","33","0.047532073387454","0.0315748877009706","0.0634892590739374","3"
"3 on Scale 1 to 10","2015","Schleswig-Holstein","direct migration background","6","","","","3"
"3 on Scale 1 to 10","2015","Schleswig-Holstein","indirect migration background","3","","","","3"
"3 on Scale 1 to 10","2015","Hamburg","no migration background","14","","","","3"
"3 on Scale 1 to 10","2015","Hamburg","direct migration background","","","","","3"
"3 on Scale 1 to 10","2015","Hamburg","indirect migration background","2","","","","3"
"3 on Scale 1 to 10","2015","Bremen","direct migration background","1","","","","3"
"3 on Scale 1 to 10","2015","Bremen","indirect migration background","1","","","","3"
"3 on Scale 1 to 10","2015","North Rhine-Westphalia","no migration background","209","0.0601931763947618","0.0523681102165527","0.0680182425729708","3"
"3 on Scale 1 to 10","2015","North Rhine-Westphalia","direct migration background","75","0.0664946326900323","0.052169563366401","0.0808197020136636","3"
"3 on Scale 1 to 10","2015","North Rhine-Westphalia","indirect migration background","26","","","","3"
"3 on Scale 1 to 10","2015","Hesse","no migration background","56","0.0520828562036726","0.039506029268832","0.0646596831385132","3"
"3 on Scale 1 to 10","2015","Hesse","direct migration background","19","","","","3"
"3 on Scale 1 to 10","2015","Hesse","indirect migration background","7","","","","3"
"3 on Scale 1 to 10","2015","Rhineland-Palatinate,Saarland","no migration background","58","0.0532487218364677","0.0397065389142969","0.0667909047586385","3"
"3 on Scale 1 to 10","2015","Rhineland-Palatinate,Saarland","direct migration background","13","","","","3"
"3 on Scale 1 to 10","2015","Rhineland-Palatinate,Saarland","indirect migration background","5","","","","3"
"3 on Scale 1 to 10","2015","Baden-Württemberg","no migration background","90","0.0518261710956473","0.0422650986873871","0.0613872435039075","3"
"3 on Scale 1 to 10","2015","Baden-Württemberg","direct migration background","23","","","","3"
"3 on Scale 1 to 10","2015","Baden-Württemberg","indirect migration background","8","","","","3"
"3 on Scale 1 to 10","2015","Berlin","direct migration background","4","","","","3"
"3 on Scale 1 to 10","2015","Berlin","indirect migration background","1","","","","3"
"3 on Scale 1 to 10","2015","Brandenburg","no migration background","48","0.0471642765606081","0.0331260695541569","0.0612024835670592","3"
"3 on Scale 1 to 10","2015","Brandenburg","direct migration background","4","","","","3"
"3 on Scale 1 to 10","2015","Brandenburg","indirect migration background","1","","","","3"
"3 on Scale 1 to 10","2015","Mecklenburg-Western Pomerania","no migration background","39","0.0843199949299398","0.0606859540801395","0.10795403577974","3"
"3 on Scale 1 to 10","2015","Mecklenburg-Western Pomerania","direct migration background","1","","","","3"
"3 on Scale 1 to 10","2015","Mecklenburg-Western Pomerania","indirect migration background","2","","","","3"
"3 on Scale 1 to 10","2015","Saxony","no migration background","84","0.0692946510452407","0.0561505927568313","0.08243870933365","3"
"3 on Scale 1 to 10","2015","Saxony","direct migration background","4","","","","3"
"3 on Scale 1 to 10","2015","Saxony","indirect migration background","2","","","","3"
"3 on Scale 1 to 10","2015","Saxony-Anhalt","no migration background","44","0.0641474558903143","0.0473569079050457","0.0809380038755829","3"
"3 on Scale 1 to 10","2015","Saxony-Anhalt","direct migration background","4","","","","3"
"3 on Scale 1 to 10","2015","Saxony-Anhalt","indirect migration background","2","","","","3"
"3 on Scale 1 to 10","2015","Thuringia","no migration background","46","0.0627166289339783","0.0466243831219066","0.07880887474605","3"
"3 on Scale 1 to 10","2015","Thuringia","direct migration background","1","","","","3"
"3 on Scale 1 to 10","2015","Thuringia","indirect migration background","","","","","3"
"3 on Scale 1 to 10","2015","Lower Saxony","no migration background","106","0.0621575645417673","0.0512783019432163","0.0730368271403184","3"
"3 on Scale 1 to 10","2015","Lower Saxony","direct migration background","23","","","","3"
"3 on Scale 1 to 10","2015","Lower Saxony","indirect migration background","3","","","","3"
"3 on Scale 1 to 10","2015","Bremen","no migration background","8","","","","3"
"3 on Scale 1 to 10","2015","Bavaria","no migration background","171","0.0549914910092114","0.0469104747853712","0.0630725072330516","3"
"3 on Scale 1 to 10","2015","Bavaria","direct migration background","33","0.0710670072909207","0.0522470866655747","0.0898869279162667","3"
"3 on Scale 1 to 10","2015","Bavaria","indirect migration background","13","","","","3"
"3 on Scale 1 to 10","2015","Berlin","no migration background","42","0.0532215333900838","0.0370917141415215","0.0693513526386461","3"
"4 on Scale 1 to 10","2015","Schleswig-Holstein","no migration background","41","0.0614499336194184","0.0434393755227921","0.0794604917160447","4"
"4 on Scale 1 to 10","2015","Schleswig-Holstein","direct migration background","6","","","","4"
"4 on Scale 1 to 10","2015","Hamburg","direct migration background","4","","","","4"
"4 on Scale 1 to 10","2015","Hamburg","indirect migration background","","","","","4"
"4 on Scale 1 to 10","2015","Lower Saxony","no migration background","105","0.0621356103334427","0.0512581418814745","0.0730130787854108","4"
"4 on Scale 1 to 10","2015","Lower Saxony","direct migration background","15","","","","4"
"4 on Scale 1 to 10","2015","Hesse","direct migration background","19","","","","4"
"4 on Scale 1 to 10","2015","Hesse","indirect migration background","8","","","","4"
"4 on Scale 1 to 10","2015","Rhineland-Palatinate,Saarland","no migration background","59","0.0628863606767265","0.0482446947842206","0.0775280265692324","4"
"4 on Scale 1 to 10","2015","Rhineland-Palatinate,Saarland","direct migration background","19","","","","4"
"4 on Scale 1 to 10","2015","Schleswig-Holstein","indirect migration background","3","","","","4"
"4 on Scale 1 to 10","2015","Hamburg","no migration background","24","","","","4"
"4 on Scale 1 to 10","2015","Bremen","direct migration background","2","","","","4"
"4 on Scale 1 to 10","2015","Bremen","indirect migration background","1","","","","4"
"4 on Scale 1 to 10","2015","North Rhine-Westphalia","no migration background","243","0.0744372536069489","0.0658016401379864","0.0830728670759115","4"
"4 on Scale 1 to 10","2015","North Rhine-Westphalia","direct migration background","63","0.0568471128617099","0.0435336729461147","0.0701605527773052","4"
"4 on Scale 1 to 10","2015","North Rhine-Westphalia","indirect migration background","27","","","","4"
"4 on Scale 1 to 10","2015","Hesse","no migration background","76","0.0616100951602868","0.048000158539555","0.0752200317810186","4"
"4 on Scale 1 to 10","2015","Rhineland-Palatinate,Saarland","indirect migration background","4","","","","4"
"4 on Scale 1 to 10","2015","Baden-Württemberg","no migration background","106","0.0618527108976797","0.0514630123620453","0.0722424094333141","4"
"4 on Scale 1 to 10","2015","Baden-Württemberg","indirect migration background","21","","","","4"
"4 on Scale 1 to 10","2015","Bavaria","no migration background","183","0.0645275854132112","0.055818178704321","0.0732369921221014","4"
"4 on Scale 1 to 10","2015","Bavaria","direct migration background","35","0.0524919707267337","0.0361565822018014","0.0688273592516659","4"
"4 on Scale 1 to 10","2015","Baden-Württemberg","direct migration background","40","0.0469585963075626","0.0304915047758676","0.0634256878392576","4"
"4 on Scale 1 to 10","2015","Lower Saxony","indirect migration background","6","","","","4"
"4 on Scale 1 to 10","2015","Bremen","no migration background","11","","","","4"
"4 on Scale 1 to 10","2015","Saxony","no migration background","96","0.0728402846357246","0.059389840990799","0.0862907282806502","4"
"4 on Scale 1 to 10","2015","Saxony","direct migration background","5","","","","4"
"4 on Scale 1 to 10","2015","Saxony","indirect migration background","1","","","","4"
"4 on Scale 1 to 10","2015","Saxony-Anhalt","no migration background","70","0.0949481640096271","0.074859481654464","0.11503684636479","4"
"4 on Scale 1 to 10","2015","Saxony-Anhalt","direct migration background","3","","","","4"
"4 on Scale 1 to 10","2015","Saxony-Anhalt","indirect migration background","1","","","","4"
"4 on Scale 1 to 10","2015","Thuringia","no migration background","60","0.0707885186734162","0.0537658147945646","0.0878112225522678","4"
"4 on Scale 1 to 10","2015","Thuringia","direct migration background","6","","","","4"
"4 on Scale 1 to 10","2015","Bavaria","indirect migration background","15","","","","4"
"4 on Scale 1 to 10","2015","Berlin","no migration background","50","0.0724991411809495","0.0538660369029709","0.091132245458928","4"
"4 on Scale 1 to 10","2015","Berlin","direct migration background","6","","","","4"
"4 on Scale 1 to 10","2015","Berlin","indirect migration background","4","","","","4"
"4 on Scale 1 to 10","2015","Brandenburg","no migration background","65","0.073981814881193","0.05664903242814","0.091314597334246","4"
"4 on Scale 1 to 10","2015","Brandenburg","direct migration background","4","","","","4"
"4 on Scale 1 to 10","2015","Brandenburg","indirect migration background","1","","","","4"
"4 on Scale 1 to 10","2015","Mecklenburg-Western Pomerania","no migration background","38","0.0977583311740391","0.0724979930043908","0.123018669343687","4"
"4 on Scale 1 to 10","2015","Mecklenburg-Western Pomerania","direct migration background","","","","","4"
"4 on Scale 1 to 10","2015","Mecklenburg-Western Pomerania","indirect migration background","","","","","4"
"4 on Scale 1 to 10","2015","Thuringia","indirect migration background","","","","","4"
"5 on Scale 1 to 10","2015","Schleswig-Holstein","no migration background","81","0.111583595000146","0.0879708651429344","0.135196324857358","5"
"5 on Scale 1 to 10","2015","Schleswig-Holstein","direct migration background","21","","","","5"
"5 on Scale 1 to 10","2015","Schleswig-Holstein","indirect migration background","9","","","","5"
"5 on Scale 1 to 10","2015","Hamburg","no migration background","31","0.123354165900405","0.0860180654640724","0.160690266336738","5"
"5 on Scale 1 to 10","2015","Hamburg","direct migration background","10","","","","5"
"5 on Scale 1 to 10","2015","Hamburg","indirect migration background","7","","","","5"
"5 on Scale 1 to 10","2015","Berlin","direct migration background","23","","","","5"
"5 on Scale 1 to 10","2015","Berlin","indirect migration background","8","","","","5"
"5 on Scale 1 to 10","2015","Brandenburg","no migration background","115","0.148327216523406","0.12479066425812","0.171863768788693","5"
"5 on Scale 1 to 10","2015","Brandenburg","direct migration background","7","","","","5"
"5 on Scale 1 to 10","2015","Brandenburg","indirect migration background","2","","","","5"
"5 on Scale 1 to 10","2015","Mecklenburg-Western Pomerania","no migration background","68","0.103377799684128","0.07748260284991","0.129272996518345","5"
"5 on Scale 1 to 10","2015","Mecklenburg-Western Pomerania","direct migration background","4","","","","5"
"5 on Scale 1 to 10","2015","Mecklenburg-Western Pomerania","indirect migration background","1","","","","5"
"5 on Scale 1 to 10","2015","Saxony","no migration background","153","0.114314461249791","0.097845588300604","0.130783334198978","5"
"5 on Scale 1 to 10","2015","Lower Saxony","no migration background","203","0.107687119400379","0.0937193201055659","0.121654918695192","5"
"5 on Scale 1 to 10","2015","Lower Saxony","direct migration background","59","0.160652827094852","0.125985172718254","0.195320481471449","5"
"5 on Scale 1 to 10","2015","Lower Saxony","indirect migration background","15","","","","5"
"5 on Scale 1 to 10","2015","Bremen","no migration background","8","","","","5"
"5 on Scale 1 to 10","2015","Bremen","direct migration background","3","","","","5"
"5 on Scale 1 to 10","2015","Bremen","indirect migration background","","","","","5"
"5 on Scale 1 to 10","2015","North Rhine-Westphalia","no migration background","382","0.116751044342832","0.106186104106876","0.127315984578788","5"
"5 on Scale 1 to 10","2015","North Rhine-Westphalia","direct migration background","152","0.138104974938937","0.118267934637111","0.157942015240763","5"
"5 on Scale 1 to 10","2015","North Rhine-Westphalia","indirect migration background","47","0.086296840937223","0.0609375182711178","0.111656163603328","5"
"5 on Scale 1 to 10","2015","Hesse","no migration background","130","0.109148618457731","0.091498393299935","0.126798843615526","5"
"5 on Scale 1 to 10","2015","Hesse","direct migration background","33","0.104657237604635","0.0734664367114978","0.135848038497773","5"
"5 on Scale 1 to 10","2015","Hesse","indirect migration background","17","","","","5"
"5 on Scale 1 to 10","2015","Rhineland-Palatinate,Saarland","no migration background","135","0.120823750342794","0.101166160844361","0.140481339841228","5"
"5 on Scale 1 to 10","2015","Rhineland-Palatinate,Saarland","direct migration background","41","0.124895279563358","0.089333615532369","0.160456943594347","5"
"5 on Scale 1 to 10","2015","Rhineland-Palatinate,Saarland","indirect migration background","13","","","","5"
"5 on Scale 1 to 10","2015","Baden-Württemberg","no migration background","216","0.109964405536573","0.0964711167260242","0.123457694347121","5"
"5 on Scale 1 to 10","2015","Baden-Württemberg","direct migration background","72","0.132434122120568","0.106049271371853","0.158818972869283","5"
"5 on Scale 1 to 10","2015","Baden-Württemberg","indirect migration background","29","","","","5"
"5 on Scale 1 to 10","2015","Bavaria","no migration background","308","0.115325657474596","0.104002825640558","0.126648489308634","5"
"5 on Scale 1 to 10","2015","Bavaria","direct migration background","85","0.118867506091945","0.0951622984394888","0.142572713744402","5"
"5 on Scale 1 to 10","2015","Bavaria","indirect migration background","37","0.180460414106489","0.134418153701041","0.226502674511937","5"
"5 on Scale 1 to 10","2015","Berlin","no migration background","80","0.0937703675098704","0.0728237664321221","0.114716968587619","5"
"5 on Scale 1 to 10","2015","Saxony","direct migration background","8","","","","5"
"5 on Scale 1 to 10","2015","Saxony","indirect migration background","2","","","","5"
"5 on Scale 1 to 10","2015","Saxony-Anhalt","no migration background","113","0.157320219570354","0.132368815012592","0.182271624128115","5"
"5 on Scale 1 to 10","2015","Saxony-Anhalt","direct migration background","5","","","","5"
"5 on Scale 1 to 10","2015","Saxony-Anhalt","indirect migration background","1","","","","5"
"5 on Scale 1 to 10","2015","Thuringia","no migration background","120","0.161685732462901","0.137249788160099","0.186121676765703","5"
"5 on Scale 1 to 10","2015","Thuringia","direct migration background","2","","","","5"
"5 on Scale 1 to 10","2015","Thuringia","indirect migration background","3","","","","5"
"6 on Scale 1 to 10","2015","Brandenburg","direct migration background","7","","","","6"
"6 on Scale 1 to 10","2015","Mecklenburg-Western Pomerania","no migration background","74","0.147002900284501","0.116884107584812","0.17712169298419","6"
"6 on Scale 1 to 10","2015","Berlin","indirect migration background","5","","","","6"
"6 on Scale 1 to 10","2015","Mecklenburg-Western Pomerania","direct migration background","2","","","","6"
"6 on Scale 1 to 10","2015","Mecklenburg-Western Pomerania","indirect migration background","1","","","","6"
"6 on Scale 1 to 10","2015","Berlin","direct migration background","17","","","","6"
"6 on Scale 1 to 10","2015","Brandenburg","no migration background","111","0.124209855863687","0.102368776669467","0.146050935057906","6"
"6 on Scale 1 to 10","2015","Brandenburg","indirect migration background","","","","","6"
"6 on Scale 1 to 10","2015","Saxony","no migration background","178","0.100526810881542","0.0849632639612412","0.116090357801842","6"
"6 on Scale 1 to 10","2015","Saxony","indirect migration background","3","","","","6"
"6 on Scale 1 to 10","2015","Saxony","direct migration background","14","","","","6"
"6 on Scale 1 to 10","2015","Schleswig-Holstein","no migration background","84","0.121355208738685","0.0968660639242628","0.145844353553108","6"
"6 on Scale 1 to 10","2015","Bremen","direct migration background","4","","","","6"
"6 on Scale 1 to 10","2015","Bremen","indirect migration background","1","","","","6"
"6 on Scale 1 to 10","2015","North Rhine-Westphalia","no migration background","395","0.103880256597329","0.0938423160034142","0.113918197191244","6"
"6 on Scale 1 to 10","2015","North Rhine-Westphalia","direct migration background","130","0.110073834730349","0.0920783287077865","0.128069340752912","6"
"6 on Scale 1 to 10","2015","North Rhine-Westphalia","indirect migration background","60","0.112059015696238","0.0835715975611928","0.140546433831282","6"
"6 on Scale 1 to 10","2015","Hesse","no migration background","137","0.121805704207429","0.103293095622211","0.140318312792647","6"
"6 on Scale 1 to 10","2015","Hesse","direct migration background","51","0.135467301595071","0.100597041967485","0.170337561222657","6"
"6 on Scale 1 to 10","2015","Hesse","indirect migration background","17","","","","6"
"6 on Scale 1 to 10","2015","Rhineland-Palatinate,Saarland","no migration background","135","0.125138819719388","0.105182441221105","0.14509519821767","6"
"6 on Scale 1 to 10","2015","Rhineland-Palatinate,Saarland","direct migration background","30","0.0826739225481962","0.0530511849992525","0.11229666009714","6"
"6 on Scale 1 to 10","2015","Rhineland-Palatinate,Saarland","indirect migration background","15","","","","6"
"6 on Scale 1 to 10","2015","Baden-Württemberg","no migration background","259","0.10935204411922","0.095891749878322","0.122812338360117","6"
"6 on Scale 1 to 10","2015","Baden-Württemberg","direct migration background","58","0.093738808092182","0.0710511396329149","0.116426476551449","6"
"6 on Scale 1 to 10","2015","Baden-Württemberg","indirect migration background","32","0.0939193648067865","0.0608539866012021","0.126984743012371","6"
"6 on Scale 1 to 10","2015","Bavaria","no migration background","302","0.101133995764048","0.0904459960736483","0.111821995454447","6"
"6 on Scale 1 to 10","2015","Bavaria","direct migration background","75","0.0830995580504814","0.0628809139364398","0.103318202164523","6"
"6 on Scale 1 to 10","2015","Bavaria","indirect migration background","25","","","","6"
"6 on Scale 1 to 10","2015","Berlin","no migration background","90","0.119034120472565","0.0957651643317841","0.142303076613346","6"
"6 on Scale 1 to 10","2015","Schleswig-Holstein","direct migration background","25","","","","6"
"6 on Scale 1 to 10","2015","Schleswig-Holstein","indirect migration background","3","","","","6"
"6 on Scale 1 to 10","2015","Hamburg","no migration background","28","","","","6"
"6 on Scale 1 to 10","2015","Hamburg","direct migration background","6","","","","6"
"6 on Scale 1 to 10","2015","Hamburg","indirect migration background","1","","","","6"
"6 on Scale 1 to 10","2015","Lower Saxony","no migration background","220","0.103482894830986","0.0897582504699856","0.117207539191987","6"
"6 on Scale 1 to 10","2015","Lower Saxony","direct migration background","46","0.123172025639287","0.0921462465166364","0.154197804761938","6"
"6 on Scale 1 to 10","2015","Lower Saxony","indirect migration background","10","","","","6"
"6 on Scale 1 to 10","2015","Bremen","no migration background","10","","","","6"
"6 on Scale 1 to 10","2015","Saxony-Anhalt","no migration background","94","0.109339929122848","0.087954556363378","0.130725301882318","6"
"6 on Scale 1 to 10","2015","Saxony-Anhalt","direct migration background","8","","","","6"
"6 on Scale 1 to 10","2015","Saxony-Anhalt","indirect migration background","1","","","","6"
"6 on Scale 1 to 10","2015","Thuringia","no migration background","83","0.0800767231196188","0.0620623647185063","0.0980910815207313","6"
"6 on Scale 1 to 10","2015","Thuringia","direct migration background","3","","","","6"
"6 on Scale 1 to 10","2015","Thuringia","indirect migration background","3","","","","6"
"7 on Scale 1 to 10","2015","Hesse","direct migration background","60","0.163485847314347","0.125804713964667","0.201166980664027","7"
"7 on Scale 1 to 10","2015","Hesse","indirect migration background","24","","","","7"
"7 on Scale 1 to 10","2015","Schleswig-Holstein","direct migration background","17","","","","7"
"7 on Scale 1 to 10","2015","Schleswig-Holstein","indirect migration background","7","","","","7"
"7 on Scale 1 to 10","2015","Hamburg","no migration background","51","0.125111255002392","0.0875478836220741","0.162674626382711","7"
"7 on Scale 1 to 10","2015","Thuringia","indirect migration background","1","","","","7"
"7 on Scale 1 to 10","2015","Schleswig-Holstein","no migration background","114","0.213056362822331","0.182347989785209","0.243764735859454","7"
"7 on Scale 1 to 10","2015","North Rhine-Westphalia","indirect migration background","80","0.185314174290446","0.150223877856368","0.220404470724525","7"
"7 on Scale 1 to 10","2015","Hesse","no migration background","231","0.182095424683568","0.160251064179256","0.203939785187881","7"
"7 on Scale 1 to 10","2015","Rhineland-Palatinate,Saarland","no migration background","160","0.154952187673055","0.133127118497949","0.176777256848161","7"
"7 on Scale 1 to 10","2015","Rhineland-Palatinate,Saarland","direct migration background","49","0.167500175989815","0.127332310116528","0.207668041863102","7"
"7 on Scale 1 to 10","2015","Rhineland-Palatinate,Saarland","indirect migration background","21","","","","7"
"7 on Scale 1 to 10","2015","Baden-Württemberg","no migration background","376","0.176332829327884","0.15989552752543","0.192770131130338","7"
"7 on Scale 1 to 10","2015","Berlin","direct migration background","16","","","","7"
"7 on Scale 1 to 10","2015","Berlin","indirect migration background","12","","","","7"
"7 on Scale 1 to 10","2015","Brandenburg","no migration background","137","0.135545814786007","0.112877977589095","0.158213651982919","7"
"7 on Scale 1 to 10","2015","Brandenburg","direct migration background","18","","","","7"
"7 on Scale 1 to 10","2015","Saxony","indirect migration background","5","","","","7"
"7 on Scale 1 to 10","2015","Saxony-Anhalt","no migration background","143","0.150546468313497","0.126040236449543","0.175052700177452","7"
"7 on Scale 1 to 10","2015","Saxony-Anhalt","direct migration background","7","","","","7"
"7 on Scale 1 to 10","2015","Saxony-Anhalt","indirect migration background","4","","","","7"
"7 on Scale 1 to 10","2015","Thuringia","no migration background","156","0.16261652276726","0.138123951669855","0.187109093864665","7"
"7 on Scale 1 to 10","2015","Thuringia","direct migration background","7","","","","7"
"7 on Scale 1 to 10","2015","Bremen","direct migration background","11","","","","7"
"7 on Scale 1 to 10","2015","Bremen","indirect migration background","2","","","","7"
"7 on Scale 1 to 10","2015","North Rhine-Westphalia","no migration background","585","0.159649663427388","0.147599046413252","0.171700280441524","7"
"7 on Scale 1 to 10","2015","North Rhine-Westphalia","direct migration background","175","0.165929970189713","0.144540072727488","0.187319867651939","7"
"7 on Scale 1 to 10","2015","Hamburg","direct migration background","17","","","","7"
"7 on Scale 1 to 10","2015","Hamburg","indirect migration background","7","","","","7"
"7 on Scale 1 to 10","2015","Lower Saxony","no migration background","327","0.162537304580304","0.145912873686056","0.179161735474553","7"
"7 on Scale 1 to 10","2015","Lower Saxony","direct migration background","53","0.103391717194564","0.0746472870372255","0.132136147351903","7"
"7 on Scale 1 to 10","2015","Lower Saxony","indirect migration background","17","","","","7"
"7 on Scale 1 to 10","2015","Bremen","no migration background","25","","","","7"
"7 on Scale 1 to 10","2015","Brandenburg","indirect migration background","2","","","","7"
"7 on Scale 1 to 10","2015","Mecklenburg-Western Pomerania","no migration background","70","0.132115446131744","0.103314377116791","0.160916515146698","7"
"7 on Scale 1 to 10","2015","Mecklenburg-Western Pomerania","direct migration background","1","","","","7"
"7 on Scale 1 to 10","2015","Mecklenburg-Western Pomerania","indirect migration background","1","","","","7"
"7 on Scale 1 to 10","2015","Saxony","no migration background","239","0.15504530340642","0.13631177707444","0.1737788297384","7"
"7 on Scale 1 to 10","2015","Saxony","direct migration background","9","","","","7"
"7 on Scale 1 to 10","2015","Baden-Württemberg","direct migration background","91","0.118903631491055","0.0937087263761908","0.144098536605919","7"
"7 on Scale 1 to 10","2015","Baden-Württemberg","indirect migration background","44","0.152630151085384","0.111866866833386","0.193393435337382","7"
"7 on Scale 1 to 10","2015","Bavaria","no migration background","482","0.149624649231921","0.136979985747213","0.162269312716629","7"
"7 on Scale 1 to 10","2015","Bavaria","direct migration background","88","0.107892449491568","0.0851678774091995","0.130617021573937","7"
"7 on Scale 1 to 10","2015","Bavaria","indirect migration background","42","0.164572087194295","0.12017921205577","0.208964962332819","7"
"7 on Scale 1 to 10","2015","Berlin","no migration background","128","0.166280806981726","0.139526569067187","0.193035044896265","7"
"8 on Scale 1 to 10","2015","Schleswig-Holstein","no migration background","151","0.211091315889676","0.180486745244253","0.241695886535099","8"
"8 on Scale 1 to 10","2015","Schleswig-Holstein","direct migration background","27","","","","8"
"8 on Scale 1 to 10","2015","Berlin","direct migration background","20","","","","8"
"8 on Scale 1 to 10","2015","Berlin","indirect migration background","8","","","","8"
"8 on Scale 1 to 10","2015","Brandenburg","no migration background","205","0.220625655573213","0.193165872802055","0.24808543834437","8"
"8 on Scale 1 to 10","2015","Brandenburg","direct migration background","14","","","","8"
"8 on Scale 1 to 10","2015","Schleswig-Holstein","indirect migration background","11","","","","8"
"8 on Scale 1 to 10","2015","Hamburg","no migration background","65","0.20546069746395","0.159587181223961","0.251334213703938","8"
"8 on Scale 1 to 10","2015","Hamburg","direct migration background","27","","","","8"
"8 on Scale 1 to 10","2015","Hamburg","indirect migration background","7","","","","8"
"8 on Scale 1 to 10","2015","Lower Saxony","no migration background","433","0.229162630931174","0.210224339080782","0.248100922781566","8"
"8 on Scale 1 to 10","2015","Lower Saxony","direct migration background","96","0.204076153631176","0.166027320337901","0.242124986924452","8"
"8 on Scale 1 to 10","2015","Lower Saxony","indirect migration background","24","","","","8"
"8 on Scale 1 to 10","2015","Bremen","no migration background","19","","","","8"
"8 on Scale 1 to 10","2015","Bremen","direct migration background","19","","","","8"
"8 on Scale 1 to 10","2015","Bremen","indirect migration background","","","","","8"
"8 on Scale 1 to 10","2015","North Rhine-Westphalia","no migration background","755","0.215934272190041","0.202396970258014","0.229471574122068","8"
"8 on Scale 1 to 10","2015","North Rhine-Westphalia","direct migration background","247","0.204838983108366","0.181634127370417","0.228043838846314","8"
"8 on Scale 1 to 10","2015","North Rhine-Westphalia","indirect migration background","86","0.188343514454645","0.153033401724762","0.223653627184529","8"
"8 on Scale 1 to 10","2015","Hesse","no migration background","256","0.212429265267117","0.189277161626481","0.235581368907753","8"
"8 on Scale 1 to 10","2015","Hesse","direct migration background","76","0.197858896364026","0.157265965813646","0.238451826914406","8"
"8 on Scale 1 to 10","2015","Hesse","indirect migration background","37","0.245619601759968","0.174820030479982","0.316419173039954","8"
"8 on Scale 1 to 10","2015","Rhineland-Palatinate,Saarland","no migration background","206","0.20260311347433","0.178360666338498","0.226845560610161","8"
"8 on Scale 1 to 10","2015","Rhineland-Palatinate,Saarland","direct migration background","94","0.222232575319165","0.177511958657137","0.266953191981194","8"
"8 on Scale 1 to 10","2015","Rhineland-Palatinate,Saarland","indirect migration background","26","","","","8"
"8 on Scale 1 to 10","2015","Baden-Württemberg","no migration background","475","0.223735810262019","0.205761154180467","0.241710466343571","8"
"8 on Scale 1 to 10","2015","Baden-Württemberg","direct migration background","133","0.262288852209309","0.228048631808553","0.296529072610066","8"
"8 on Scale 1 to 10","2015","Baden-Württemberg","indirect migration background","62","0.155745172559169","0.114643776801303","0.196846568317035","8"
"8 on Scale 1 to 10","2015","Bavaria","no migration background","694","0.212271812920974","0.197776261890368","0.226767363951579","8"
"8 on Scale 1 to 10","2015","Bavaria","direct migration background","155","0.21045956776959","0.180601403402946","0.240317732136233","8"
"8 on Scale 1 to 10","2015","Bavaria","indirect migration background","52","0.137125639522662","0.0959430350067617","0.178308244038563","8"
"8 on Scale 1 to 10","2015","Berlin","no migration background","149","0.186133316921945","0.158166031368032","0.214100602475859","8"
"8 on Scale 1 to 10","2015","Saxony","no migration background","333","0.22970658053842","0.207935081750651","0.25147807932619","8"
"8 on Scale 1 to 10","2015","Saxony-Anhalt","direct migration background","6","","","","8"
"8 on Scale 1 to 10","2015","Saxony-Anhalt","indirect migration background","3","","","","8"
"8 on Scale 1 to 10","2015","Thuringia","no migration background","166","0.177573285819635","0.152208729593386","0.202937842045883","8"
"8 on Scale 1 to 10","2015","Thuringia","direct migration background","9","","","","8"
"8 on Scale 1 to 10","2015","Thuringia","indirect migration background","5","","","","8"
"8 on Scale 1 to 10","2015","Mecklenburg-Western Pomerania","no migration background","95","0.160805596086829","0.129560439954408","0.19205075221925","8"
"8 on Scale 1 to 10","2015","Mecklenburg-Western Pomerania","direct migration background","4","","","","8"
"8 on Scale 1 to 10","2015","Brandenburg","indirect migration background","3","","","","8"
"8 on Scale 1 to 10","2015","Saxony","direct migration background","11","","","","8"
"8 on Scale 1 to 10","2015","Saxony","indirect migration background","7","","","","8"
"8 on Scale 1 to 10","2015","Saxony-Anhalt","no migration background","179","0.197182108206618","0.1699165926941","0.224447623719136","8"
"8 on Scale 1 to 10","2015","Mecklenburg-Western Pomerania","indirect migration background","4","","","","8"
"9 on Scale 1 to 10","2015","Bremen","direct migration background","5","","","","9"
"9 on Scale 1 to 10","2015","Bremen","indirect migration background","2","","","","9"
"9 on Scale 1 to 10","2015","North Rhine-Westphalia","no migration background","435","0.12373535868453","0.112902086723177","0.134568630645883","9"
"9 on Scale 1 to 10","2015","North Rhine-Westphalia","direct migration background","134","0.112820902444079","0.094630367866655","0.131011437021503","9"
"9 on Scale 1 to 10","2015","North Rhine-Westphalia","indirect migration background","63","0.148309063184848","0.116212207012026","0.180405919357669","9"
"9 on Scale 1 to 10","2015","Hesse","no migration background","169","0.133572705836406","0.114316823485994","0.152828588186818","9"
"9 on Scale 1 to 10","2015","Hesse","direct migration background","46","0.101324171465794","0.0705769914914352","0.132071351440152","9"
"9 on Scale 1 to 10","2015","Hesse","indirect migration background","15","","","","9"
"9 on Scale 1 to 10","2015","Rhineland-Palatinate,Saarland","no migration background","150","0.130364769120578","0.110056878543328","0.150672659697829","9"
"9 on Scale 1 to 10","2015","Rhineland-Palatinate,Saarland","direct migration background","39","0.134889061160315","0.0981436326023526","0.171634489718278","9"
"9 on Scale 1 to 10","2015","Rhineland-Palatinate,Saarland","indirect migration background","14","","","","9"
"9 on Scale 1 to 10","2015","Baden-Württemberg","no migration background","282","0.139367912421923","0.124430401785849","0.154305423057997","9"
"9 on Scale 1 to 10","2015","Baden-Württemberg","direct migration background","81","0.098841909151999","0.0756105554081408","0.122073262895857","9"
"9 on Scale 1 to 10","2015","Baden-Württemberg","indirect migration background","40","0.177800495986029","0.134462623625714","0.221138368346345","9"
"9 on Scale 1 to 10","2015","Bavaria","no migration background","449","0.134219709769162","0.122135663855573","0.146303755682751","9"
"9 on Scale 1 to 10","2015","Bavaria","direct migration background","100","0.129435311228428","0.104847578149176","0.154023044307679","9"
"9 on Scale 1 to 10","2015","Bavaria","indirect migration background","36","0.143890277454556","0.101869785401287","0.185910769507824","9"
"9 on Scale 1 to 10","2015","Berlin","no migration background","89","0.129377963253396","0.105261889353938","0.153494037152854","9"
"9 on Scale 1 to 10","2015","Berlin","direct migration background","18","","","","9"
"9 on Scale 1 to 10","2015","Berlin","indirect migration background","7","","","","9"
"9 on Scale 1 to 10","2015","Brandenburg","no migration background","107","0.114177234684615","0.0931171934690204","0.135237275900209","9"
"9 on Scale 1 to 10","2015","Brandenburg","direct migration background","13","","","","9"
"9 on Scale 1 to 10","2015","Brandenburg","indirect migration background","2","","","","9"
"9 on Scale 1 to 10","2015","Mecklenburg-Western Pomerania","no migration background","76","0.159094215278076","0.127984094659918","0.190204335896234","9"
"9 on Scale 1 to 10","2015","Mecklenburg-Western Pomerania","direct migration background","2","","","","9"
"9 on Scale 1 to 10","2015","Mecklenburg-Western Pomerania","indirect migration background","2","","","","9"
"9 on Scale 1 to 10","2015","Saxony","no migration background","182","0.134136586203306","0.116497672533336","0.151775499873275","9"
"9 on Scale 1 to 10","2015","Saxony","direct migration background","8","","","","9"
"9 on Scale 1 to 10","2015","Saxony","indirect migration background","3","","","","9"
"9 on Scale 1 to 10","2015","Saxony-Anhalt","no migration background","83","0.0884988446107174","0.0690354381905808","0.107962251030854","9"
"9 on Scale 1 to 10","2015","Saxony-Anhalt","direct migration background","8","","","","9"
"9 on Scale 1 to 10","2015","Saxony-Anhalt","indirect migration background","4","","","","9"
"9 on Scale 1 to 10","2015","Thuringia","no migration background","141","0.174473953618326","0.149284396029927","0.199663511206725","9"
"9 on Scale 1 to 10","2015","Thuringia","direct migration background","3","","","","9"
"9 on Scale 1 to 10","2015","Thuringia","indirect migration background","1","","","","9"
"9 on Scale 1 to 10","2015","Schleswig-Holstein","no migration background","94","0.124688380678439","0.0999123301324566","0.149464431224421","9"
"9 on Scale 1 to 10","2015","Schleswig-Holstein","direct migration background","21","","","","9"
"9 on Scale 1 to 10","2015","Schleswig-Holstein","indirect migration background","5","","","","9"
"9 on Scale 1 to 10","2015","Hamburg","no migration background","48","0.177007202028178","0.13367273645672","0.220341667599636","9"
"9 on Scale 1 to 10","2015","Hamburg","direct migration background","17","","","","9"
"9 on Scale 1 to 10","2015","Hamburg","indirect migration background","5","","","","9"
"9 on Scale 1 to 10","2015","Lower Saxony","no migration background","244","0.127842072921952","0.112796040503857","0.142888105340047","9"
"9 on Scale 1 to 10","2015","Lower Saxony","direct migration background","61","0.108320739762685","0.0789800987808822","0.137661380744488","9"
"9 on Scale 1 to 10","2015","Lower Saxony","indirect migration background","13","","","","9"
"9 on Scale 1 to 10","2015","Bremen","no migration background","17","","","","9"
"0 Completely dissatisfied","2016","Hesse","indirect migration background","1","","","","0"
"0 Completely dissatisfied","2016","Rhineland-Palatinate,Saarland","no migration background","5","","","","0"
"0 Completely dissatisfied","2016","Rhineland-Palatinate,Saarland","direct migration background","1","","","","0"
"0 Completely dissatisfied","2016","Rhineland-Palatinate,Saarland","indirect migration background","","","","","0"
"0 Completely dissatisfied","2016","Baden-Württemberg","no migration background","8","","","","0"
"0 Completely dissatisfied","2016","Baden-Württemberg","direct migration background","3","","","","0"
"0 Completely dissatisfied","2016","Baden-Württemberg","indirect migration background","6","","","","0"
"0 Completely dissatisfied","2016","Bavaria","no migration background","20","","","","0"
"0 Completely dissatisfied","2016","Bavaria","direct migration background","4","","","","0"
"0 Completely dissatisfied","2016","Bavaria","indirect migration background","1","","","","0"
"0 Completely dissatisfied","2016","Berlin","no migration background","5","","","","0"
"0 Completely dissatisfied","2016","Berlin","direct migration background","3","","","","0"
"0 Completely dissatisfied","2016","Berlin","indirect migration background","","","","","0"
"0 Completely dissatisfied","2016","Brandenburg","no migration background","9","","","","0"
"0 Completely dissatisfied","2016","Brandenburg","direct migration background","3","","","","0"
"0 Completely dissatisfied","2016","Brandenburg","indirect migration background","","","","","0"
"0 Completely dissatisfied","2016","Mecklenburg-Western Pomerania","no migration background","6","","","","0"
"0 Completely dissatisfied","2016","Mecklenburg-Western Pomerania","direct migration background","","","","","0"
"0 Completely dissatisfied","2016","Mecklenburg-Western Pomerania","indirect migration background","1","","","","0"
"0 Completely dissatisfied","2016","Saxony","no migration background","8","","","","0"
"0 Completely dissatisfied","2016","Saxony","direct migration background","","","","","0"
"0 Completely dissatisfied","2016","Saxony","indirect migration background","","","","","0"
"0 Completely dissatisfied","2016","Saxony-Anhalt","no migration background","1","","","","0"
"0 Completely dissatisfied","2016","Saxony-Anhalt","direct migration background","","","","","0"
"0 Completely dissatisfied","2016","Saxony-Anhalt","indirect migration background","","","","","0"
"0 Completely dissatisfied","2016","Thuringia","no migration background","4","","","","0"
"0 Completely dissatisfied","2016","Thuringia","direct migration background","","","","","0"
"0 Completely dissatisfied","2016","Thuringia","indirect migration background","1","","","","0"
"0 Completely dissatisfied","2016","Bremen","direct migration background","","","","","0"
"0 Completely dissatisfied","2016","Bremen","indirect migration background","","","","","0"
"0 Completely dissatisfied","2016","North Rhine-Westphalia","no migration background","25","","","","0"
"0 Completely dissatisfied","2016","Lower Saxony","no migration background","15","","","","0"
"0 Completely dissatisfied","2016","Bremen","no migration background","1","","","","0"
"0 Completely dissatisfied","2016","Schleswig-Holstein","no migration background","3","","","","0"
"0 Completely dissatisfied","2016","Schleswig-Holstein","direct migration background","2","","","","0"
"0 Completely dissatisfied","2016","Schleswig-Holstein","indirect migration background","","","","","0"
"0 Completely dissatisfied","2016","Hamburg","direct migration background","1","","","","0"
"0 Completely dissatisfied","2016","Hamburg","indirect migration background","1","","","","0"
"0 Completely dissatisfied","2016","Lower Saxony","direct migration background","5","","","","0"
"0 Completely dissatisfied","2016","Lower Saxony","indirect migration background","","","","","0"
"0 Completely dissatisfied","2016","North Rhine-Westphalia","direct migration background","10","","","","0"
"0 Completely dissatisfied","2016","North Rhine-Westphalia","indirect migration background","3","","","","0"
"0 Completely dissatisfied","2016","Hesse","no migration background","9","","","","0"
"0 Completely dissatisfied","2016","Hesse","direct migration background","1","","","","0"
"0 Completely dissatisfied","2016","Hamburg","no migration background","3","","","","0"
"1 on Scale 1 to 10","2016","Berlin","indirect migration background","1","","","","1"
"1 on Scale 1 to 10","2016","Berlin","direct migration background","1","","","","1"
"1 on Scale 1 to 10","2016","Hesse","indirect migration background","3","","","","1"
"1 on Scale 1 to 10","2016","Rhineland-Palatinate,Saarland","no migration background","7","","","","1"
"1 on Scale 1 to 10","2016","Rhineland-Palatinate,Saarland","direct migration background","","","","","1"
"1 on Scale 1 to 10","2016","Rhineland-Palatinate,Saarland","indirect migration background","1","","","","1"
"1 on Scale 1 to 10","2016","Baden-Württemberg","no migration background","15","","","","1"
"1 on Scale 1 to 10","2016","Baden-Württemberg","direct migration background","5","","","","1"
"1 on Scale 1 to 10","2016","Baden-Württemberg","indirect migration background","2","","","","1"
"1 on Scale 1 to 10","2016","Bavaria","no migration background","34","0.0137354676558923","0.00942668115789904","0.0180442541538855","1"
"1 on Scale 1 to 10","2016","Bavaria","direct migration background","8","","","","1"
"1 on Scale 1 to 10","2016","Bavaria","indirect migration background","2","","","","1"
"1 on Scale 1 to 10","2016","Berlin","no migration background","8","","","","1"
"1 on Scale 1 to 10","2016","Brandenburg","no migration background","10","","","","1"
"1 on Scale 1 to 10","2016","Brandenburg","direct migration background","1","","","","1"
"1 on Scale 1 to 10","2016","Brandenburg","indirect migration background","","","","","1"
"1 on Scale 1 to 10","2016","Mecklenburg-Western Pomerania","no migration background","7","","","","1"
"1 on Scale 1 to 10","2016","Mecklenburg-Western Pomerania","direct migration background","","","","","1"
"1 on Scale 1 to 10","2016","Mecklenburg-Western Pomerania","indirect migration background","","","","","1"
"1 on Scale 1 to 10","2016","Saxony","no migration background","11","","","","1"
"1 on Scale 1 to 10","2016","Saxony","direct migration background","2","","","","1"
"1 on Scale 1 to 10","2016","Saxony","indirect migration background","1","","","","1"
"1 on Scale 1 to 10","2016","Saxony-Anhalt","no migration background","11","","","","1"
"1 on Scale 1 to 10","2016","Saxony-Anhalt","direct migration background","","","","","1"
"1 on Scale 1 to 10","2016","Saxony-Anhalt","indirect migration background","1","","","","1"
"1 on Scale 1 to 10","2016","Thuringia","no migration background","8","","","","1"
"1 on Scale 1 to 10","2016","Thuringia","direct migration background","","","","","1"
"1 on Scale 1 to 10","2016","Thuringia","indirect migration background","2","","","","1"
"1 on Scale 1 to 10","2016","Lower Saxony","indirect migration background","1","","","","1"
"1 on Scale 1 to 10","2016","Bremen","no migration background","2","","","","1"
"1 on Scale 1 to 10","2016","Bremen","direct migration background","1","","","","1"
"1 on Scale 1 to 10","2016","Schleswig-Holstein","no migration background","4","","","","1"
"1 on Scale 1 to 10","2016","Schleswig-Holstein","direct migration background","1","","","","1"
"1 on Scale 1 to 10","2016","Schleswig-Holstein","indirect migration background","","","","","1"
"1 on Scale 1 to 10","2016","Hamburg","no migration background","3","","","","1"
"1 on Scale 1 to 10","2016","Hamburg","direct migration background","1","","","","1"
"1 on Scale 1 to 10","2016","Hamburg","indirect migration background","","","","","1"
"1 on Scale 1 to 10","2016","Lower Saxony","no migration background","17","","","","1"
"1 on Scale 1 to 10","2016","Lower Saxony","direct migration background","4","","","","1"
"1 on Scale 1 to 10","2016","Bremen","indirect migration background","","","","","1"
"1 on Scale 1 to 10","2016","North Rhine-Westphalia","no migration background","42","0.0118174872422193","0.00814824193208647","0.0154867325523522","1"
"1 on Scale 1 to 10","2016","North Rhine-Westphalia","direct migration background","14","","","","1"
"1 on Scale 1 to 10","2016","North Rhine-Westphalia","indirect migration background","7","","","","1"
"1 on Scale 1 to 10","2016","Hesse","no migration background","10","","","","1"
"1 on Scale 1 to 10","2016","Hesse","direct migration background","6","","","","1"
"10 Completely satisfied","2016","Berlin","direct migration background","16","","","","10"
"10 Completely satisfied","2016","Berlin","indirect migration background","6","","","","10"
"10 Completely satisfied","2016","Brandenburg","no migration background","44","0.0687682400595697","0.0515418740549887","0.0859946060641508","10"
"10 Completely satisfied","2016","Brandenburg","direct migration background","26","","","","10"
"10 Completely satisfied","2016","Brandenburg","indirect migration background","6","","","","10"
"10 Completely satisfied","2016","Mecklenburg-Western Pomerania","no migration background","38","0.0639832653544967","0.0423809830016877","0.0855855477073058","10"
"10 Completely satisfied","2016","Mecklenburg-Western Pomerania","direct migration background","4","","","","10"
"10 Completely satisfied","2016","Mecklenburg-Western Pomerania","indirect migration background","1","","","","10"
"10 Completely satisfied","2016","Saxony","no migration background","92","0.0818761965367455","0.0673312804910419","0.0964211125824491","10"
"10 Completely satisfied","2016","Saxony","direct migration background","3","","","","10"
"10 Completely satisfied","2016","Saxony","indirect migration background","5","","","","10"
"10 Completely satisfied","2016","Saxony-Anhalt","no migration background","68","0.0819180362608769","0.0624464604651323","0.101389612056622","10"
"10 Completely satisfied","2016","Saxony-Anhalt","direct migration background","10","","","","10"
"10 Completely satisfied","2016","Saxony-Anhalt","indirect migration background","4","","","","10"
"10 Completely satisfied","2016","Thuringia","no migration background","57","0.063379742515843","0.04672380086298","0.0800356841687059","10"
"10 Completely satisfied","2016","Thuringia","direct migration background","11","","","","10"
"10 Completely satisfied","2016","Thuringia","indirect migration background","1","","","","10"
"10 Completely satisfied","2016","Schleswig-Holstein","no migration background","42","0.0571773082806201","0.0391043049548701","0.0752503116063702","10"
"10 Completely satisfied","2016","Schleswig-Holstein","direct migration background","11","","","","10"
"10 Completely satisfied","2016","Schleswig-Holstein","indirect migration background","5","","","","10"
"10 Completely satisfied","2016","Hamburg","no migration background","30","0.110077199115534","0.0737400782625912","0.146414319968476","10"
"10 Completely satisfied","2016","Hamburg","direct migration background","14","","","","10"
"10 Completely satisfied","2016","Hamburg","indirect migration background","4","","","","10"
"10 Completely satisfied","2016","Lower Saxony","no migration background","173","0.104206475698769","0.090036840246826","0.118376111150712","10"
"10 Completely satisfied","2016","Lower Saxony","direct migration background","78","0.161663950210782","0.128933979205864","0.1943939212157","10"
"10 Completely satisfied","2016","Lower Saxony","indirect migration background","17","","","","10"
"10 Completely satisfied","2016","Bremen","no migration background","8","","","","10"
"10 Completely satisfied","2016","Bremen","direct migration background","8","","","","10"
"10 Completely satisfied","2016","Bremen","indirect migration background","","","","","10"
"10 Completely satisfied","2016","North Rhine-Westphalia","no migration background","298","0.0831155497218226","0.0737422168726477","0.0924888825709975","10"
"10 Completely satisfied","2016","North Rhine-Westphalia","direct migration background","161","0.0996679906294677","0.0831669841457884","0.116168997113147","10"
"10 Completely satisfied","2016","North Rhine-Westphalia","indirect migration background","51","0.089725213172467","0.0633495537505596","0.116100872594374","10"
"10 Completely satisfied","2016","Hesse","no migration background","81","0.0755493368548627","0.0599105891018861","0.0911880846078393","10"
"10 Completely satisfied","2016","Hesse","direct migration background","51","0.0824920452339576","0.0552924293710542","0.109691661096861","10"
"10 Completely satisfied","2016","Hesse","indirect migration background","11","","","","10"
"10 Completely satisfied","2016","Rhineland-Palatinate,Saarland","no migration background","101","0.103179359578776","0.0841922505148293","0.122166468642723","10"
"10 Completely satisfied","2016","Rhineland-Palatinate,Saarland","direct migration background","48","0.104702578459039","0.0741987068826184","0.13520645003546","10"
"10 Completely satisfied","2016","Rhineland-Palatinate,Saarland","indirect migration background","13","","","","10"
"10 Completely satisfied","2016","Baden-Württemberg","no migration background","171","0.099927895308959","0.0864711222890379","0.11338466832888","10"
"10 Completely satisfied","2016","Baden-Württemberg","direct migration background","103","0.130784576727469","0.105405534896399","0.156163618558538","10"
"10 Completely satisfied","2016","Baden-Württemberg","indirect migration background","38","0.168725421910543","0.123719487420512","0.213731356400574","10"
"10 Completely satisfied","2016","Bavaria","no migration background","278","0.090839778181828","0.0802009256847174","0.101478630678939","10"
"10 Completely satisfied","2016","Bavaria","direct migration background","128","0.143043093887247","0.119267108272823","0.166819079501672","10"
"10 Completely satisfied","2016","Bavaria","indirect migration background","29","","","","10"
"10 Completely satisfied","2016","Berlin","no migration background","53","0.0724101666274352","0.0532794474817795","0.0915408857730908","10"
"2 on Scale 1 to 10","2016","Schleswig-Holstein","no migration background","23","","","","2"
"2 on Scale 1 to 10","2016","Lower Saxony","indirect migration background","2","","","","2"
"2 on Scale 1 to 10","2016","Bremen","no migration background","5","","","","2"
"2 on Scale 1 to 10","2016","Bremen","direct migration background","1","","","","2"
"2 on Scale 1 to 10","2016","Schleswig-Holstein","direct migration background","6","","","","2"
"2 on Scale 1 to 10","2016","Schleswig-Holstein","indirect migration background","2","","","","2"
"2 on Scale 1 to 10","2016","Hamburg","no migration background","7","","","","2"
"2 on Scale 1 to 10","2016","Hamburg","direct migration background","","","","","2"
"2 on Scale 1 to 10","2016","Hamburg","indirect migration background","","","","","2"
"2 on Scale 1 to 10","2016","Lower Saxony","no migration background","62","0.0359559191923352","0.027321343363803","0.0445904950208675","2"
"2 on Scale 1 to 10","2016","Lower Saxony","direct migration background","11","","","","2"
"2 on Scale 1 to 10","2016","Bremen","indirect migration background","","","","","2"
"2 on Scale 1 to 10","2016","North Rhine-Westphalia","no migration background","103","0.0340479543607233","0.0278902492065545","0.0402056595148921","2"
"2 on Scale 1 to 10","2016","Hesse","indirect migration background","9","","","","2"
"2 on Scale 1 to 10","2016","Rhineland-Palatinate,Saarland","no migration background","33","0.0351703292252248","0.0236723061551936","0.046668352295256","2"
"2 on Scale 1 to 10","2016","Rhineland-Palatinate,Saarland","direct migration background","13","","","","2"
"2 on Scale 1 to 10","2016","Rhineland-Palatinate,Saarland","indirect migration background","3","","","","2"
"2 on Scale 1 to 10","2016","Baden-Württemberg","no migration background","46","0.0261073500628712","0.0189525772811755","0.0332621228445669","2"
"2 on Scale 1 to 10","2016","Baden-Württemberg","direct migration background","17","","","","2"
"2 on Scale 1 to 10","2016","Baden-Württemberg","indirect migration background","6","","","","2"
"2 on Scale 1 to 10","2016","Bavaria","no migration background","77","0.0277819260720325","0.0216977809703163","0.0338660711737486","2"
"2 on Scale 1 to 10","2016","Bavaria","direct migration background","27","","","","2"
"2 on Scale 1 to 10","2016","Bavaria","indirect migration background","10","","","","2"
"2 on Scale 1 to 10","2016","Berlin","no migration background","37","0.0601247743973096","0.0425772698564999","0.0776722789381193","2"
"2 on Scale 1 to 10","2016","Berlin","direct migration background","6","","","","2"
"2 on Scale 1 to 10","2016","Berlin","indirect migration background","","","","","2"
"2 on Scale 1 to 10","2016","Brandenburg","no migration background","34","0.0368164049931892","0.0239976438971953","0.0496351660891831","2"
"2 on Scale 1 to 10","2016","Brandenburg","direct migration background","5","","","","2"
"2 on Scale 1 to 10","2016","Brandenburg","indirect migration background","","","","","2"
"2 on Scale 1 to 10","2016","Mecklenburg-Western Pomerania","no migration background","20","","","","2"
"2 on Scale 1 to 10","2016","Mecklenburg-Western Pomerania","direct migration background","","","","","2"
"2 on Scale 1 to 10","2016","Mecklenburg-Western Pomerania","indirect migration background","","","","","2"
"2 on Scale 1 to 10","2016","Saxony","no migration background","45","0.0277848090923831","0.0190658091413493","0.0365038090434169","2"
"2 on Scale 1 to 10","2016","Saxony","direct migration background","3","","","","2"
"2 on Scale 1 to 10","2016","Saxony","indirect migration background","","","","","2"
"2 on Scale 1 to 10","2016","Saxony-Anhalt","no migration background","23","","","","2"
"2 on Scale 1 to 10","2016","Saxony-Anhalt","direct migration background","","","","","2"
"2 on Scale 1 to 10","2016","Saxony-Anhalt","indirect migration background","1","","","","2"
"2 on Scale 1 to 10","2016","Thuringia","no migration background","18","","","","2"
"2 on Scale 1 to 10","2016","Thuringia","direct migration background","2","","","","2"
"2 on Scale 1 to 10","2016","Thuringia","indirect migration background","","","","","2"
"2 on Scale 1 to 10","2016","North Rhine-Westphalia","direct migration background","38","0.0236519910859858","0.0152811824445949","0.0320227997273766","2"
"2 on Scale 1 to 10","2016","North Rhine-Westphalia","indirect migration background","9","","","","2"
"2 on Scale 1 to 10","2016","Hesse","no migration background","40","0.0364883103138838","0.0253927267744493","0.0475838938533183","2"
"2 on Scale 1 to 10","2016","Hesse","direct migration background","15","","","","2"
"3 on Scale 1 to 10","2016","Mecklenburg-Western Pomerania","indirect migration background","","","","","3"
"3 on Scale 1 to 10","2016","Berlin","indirect migration background","3","","","","3"
"3 on Scale 1 to 10","2016","Saxony","no migration background","74","0.0540274958783694","0.0420344790960373","0.0660205126607016","3"
"3 on Scale 1 to 10","2016","Mecklenburg-Western Pomerania","direct migration background","","","","","3"
"3 on Scale 1 to 10","2016","Berlin","direct migration background","8","","","","3"
"3 on Scale 1 to 10","2016","Saxony","indirect migration background","3","","","","3"
"3 on Scale 1 to 10","2016","Saxony-Anhalt","no migration background","36","0.0484656162386504","0.0332180784624322","0.0637131540148686","3"
"3 on Scale 1 to 10","2016","Saxony","direct migration background","6","","","","3"
"3 on Scale 1 to 10","2016","Brandenburg","indirect migration background","1","","","","3"
"3 on Scale 1 to 10","2016","Thuringia","no migration background","54","0.0672664402204969","0.0501430321585623","0.0843898482824315","3"
"3 on Scale 1 to 10","2016","Brandenburg","no migration background","59","0.0883509967511455","0.0690317413811933","0.107670252121098","3"
"3 on Scale 1 to 10","2016","Mecklenburg-Western Pomerania","no migration background","31","0.0568113922277576","0.0363779459287368","0.0772448385267783","3"
"3 on Scale 1 to 10","2016","Brandenburg","direct migration background","10","","","","3"
"3 on Scale 1 to 10","2016","Saxony-Anhalt","direct migration background","4","","","","3"
"3 on Scale 1 to 10","2016","Saxony-Anhalt","indirect migration background","1","","","","3"
"3 on Scale 1 to 10","2016","Hesse","indirect migration background","8","","","","3"
"3 on Scale 1 to 10","2016","Rhineland-Palatinate,Saarland","no migration background","57","0.0596084880087073","0.0448304072083203","0.0743865688090943","3"
"3 on Scale 1 to 10","2016","Rhineland-Palatinate,Saarland","direct migration background","14","","","","3"
"3 on Scale 1 to 10","2016","Rhineland-Palatinate,Saarland","indirect migration background","7","","","","3"
"3 on Scale 1 to 10","2016","Baden-Württemberg","no migration background","98","0.0575617889478703","0.0471109178690711","0.0680126600266695","3"
"3 on Scale 1 to 10","2016","Baden-Württemberg","direct migration background","24","","","","3"
"3 on Scale 1 to 10","2016","Baden-Württemberg","indirect migration background","13","","","","3"
"3 on Scale 1 to 10","2016","Bavaria","no migration background","157","0.0562595747109688","0.0477293387665763","0.0647898106553613","3"
"3 on Scale 1 to 10","2016","Bavaria","direct migration background","35","0.0617601434809717","0.0454131956214312","0.0781070913405122","3"
"3 on Scale 1 to 10","2016","Bavaria","indirect migration background","12","","","","3"
"3 on Scale 1 to 10","2016","Berlin","no migration background","47","0.0795248238891038","0.0595533125663656","0.099496335211842","3"
"3 on Scale 1 to 10","2016","Thuringia","direct migration background","2","","","","3"
"3 on Scale 1 to 10","2016","Thuringia","indirect migration background","1","","","","3"
"3 on Scale 1 to 10","2016","Lower Saxony","indirect migration background","4","","","","3"
"3 on Scale 1 to 10","2016","Bremen","no migration background","5","","","","3"
"3 on Scale 1 to 10","2016","Schleswig-Holstein","no migration background","36","0.0503181731491325","0.0333022718254578","0.0673340744728072","3"
"3 on Scale 1 to 10","2016","Schleswig-Holstein","direct migration background","10","","","","3"
"3 on Scale 1 to 10","2016","Bremen","direct migration background","4","","","","3"
"3 on Scale 1 to 10","2016","North Rhine-Westphalia","no migration background","191","0.0596818299234017","0.0516381630867188","0.0677254967600846","3"
"3 on Scale 1 to 10","2016","North Rhine-Westphalia","direct migration background","67","0.0646549459531085","0.05110872853685","0.0782011633693671","3"
"3 on Scale 1 to 10","2016","Hamburg","indirect migration background","2","","","","3"
"3 on Scale 1 to 10","2016","Lower Saxony","no migration background","99","0.0584561981252522","0.0475758469910371","0.0693365492594672","3"
"3 on Scale 1 to 10","2016","Lower Saxony","direct migration background","24","","","","3"
"3 on Scale 1 to 10","2016","Hamburg","direct migration background","9","","","","3"
"3 on Scale 1 to 10","2016","Schleswig-Holstein","indirect migration background","5","","","","3"
"3 on Scale 1 to 10","2016","Hamburg","no migration background","12","","","","3"
"3 on Scale 1 to 10","2016","Hesse","direct migration background","14","","","","3"
"3 on Scale 1 to 10","2016","Bremen","indirect migration background","","","","","3"
"3 on Scale 1 to 10","2016","North Rhine-Westphalia","indirect migration background","14","","","","3"
"3 on Scale 1 to 10","2016","Hesse","no migration background","67","0.0502811594800773","0.0373497773366302","0.0632125416235244","3"
"4 on Scale 1 to 10","2016","Schleswig-Holstein","no migration background","38","0.045411193408091","0.0292045495519341","0.0616178372642479","4"
"4 on Scale 1 to 10","2016","Schleswig-Holstein","direct migration background","8","","","","4"
"4 on Scale 1 to 10","2016","Schleswig-Holstein","indirect migration background","3","","","","4"
"4 on Scale 1 to 10","2016","Hamburg","no migration background","10","","","","4"
"4 on Scale 1 to 10","2016","Hamburg","direct migration background","3","","","","4"
"4 on Scale 1 to 10","2016","Hamburg","indirect migration background","3","","","","4"
"4 on Scale 1 to 10","2016","Lower Saxony","no migration background","123","0.06730763375918","0.055687563971901","0.0789277035464589","4"
"4 on Scale 1 to 10","2016","Lower Saxony","direct migration background","25","","","","4"
"4 on Scale 1 to 10","2016","Lower Saxony","indirect migration background","7","","","","4"
"4 on Scale 1 to 10","2016","Bremen","no migration background","10","","","","4"
"4 on Scale 1 to 10","2016","Bremen","direct migration background","5","","","","4"
"4 on Scale 1 to 10","2016","Bremen","indirect migration background","","","","","4"
"4 on Scale 1 to 10","2016","North Rhine-Westphalia","no migration background","222","0.0752126876462344","0.066257760023505","0.0841676152689638","4"
"4 on Scale 1 to 10","2016","North Rhine-Westphalia","direct migration background","63","0.0560915753302721","0.0434166623021492","0.0687664883583951","4"
"4 on Scale 1 to 10","2016","North Rhine-Westphalia","indirect migration background","32","0.0441551469066689","0.0251948912025511","0.0631154026107866","4"
"4 on Scale 1 to 10","2016","Hesse","no migration background","63","0.0627765146561956","0.0484227785101048","0.0771302508022864","4"
"4 on Scale 1 to 10","2016","Hesse","direct migration background","29","","","","4"
"4 on Scale 1 to 10","2016","Hesse","indirect migration background","9","","","","4"
"4 on Scale 1 to 10","2016","Rhineland-Palatinate,Saarland","no migration background","67","0.0689636265221898","0.0531473953786716","0.0847798576657079","4"
"4 on Scale 1 to 10","2016","Rhineland-Palatinate,Saarland","direct migration background","27","","","","4"
"4 on Scale 1 to 10","2016","Rhineland-Palatinate,Saarland","indirect migration background","5","","","","4"
"4 on Scale 1 to 10","2016","Baden-Württemberg","no migration background","119","0.070565680291445","0.05907448978472","0.0820568707981699","4"
"4 on Scale 1 to 10","2016","Baden-Württemberg","direct migration background","38","0.056514118941908","0.0391329321251309","0.0738953057586851","4"
"4 on Scale 1 to 10","2016","Baden-Württemberg","indirect migration background","18","","","","4"
"4 on Scale 1 to 10","2016","Bavaria","no migration background","173","0.0582532317048688","0.0495823427731088","0.0669241206366287","4"
"4 on Scale 1 to 10","2016","Bavaria","direct migration background","48","0.0683243939843568","0.0511909035378126","0.085457884430901","4"
"4 on Scale 1 to 10","2016","Bavaria","indirect migration background","22","","","","4"
"4 on Scale 1 to 10","2016","Berlin","no migration background","61","0.0819635866978284","0.0617150350730584","0.102212138322598","4"
"4 on Scale 1 to 10","2016","Berlin","direct migration background","3","","","","4"
"4 on Scale 1 to 10","2016","Berlin","indirect migration background","2","","","","4"
"4 on Scale 1 to 10","2016","Brandenburg","no migration background","59","0.0903486309068797","0.0708336063355011","0.109863655478258","4"
"4 on Scale 1 to 10","2016","Brandenburg","direct migration background","4","","","","4"
"4 on Scale 1 to 10","2016","Brandenburg","indirect migration background","","","","","4"
"4 on Scale 1 to 10","2016","Mecklenburg-Western Pomerania","no migration background","36","0.0637794774401064","0.042209276633552","0.0853496782466607","4"
"4 on Scale 1 to 10","2016","Mecklenburg-Western Pomerania","indirect migration background","","","","","4"
"4 on Scale 1 to 10","2016","Saxony","no migration background","99","0.0869942679299577","0.072043488432614","0.101945047427301","4"
"4 on Scale 1 to 10","2016","Saxony","direct migration background","","","","","4"
"4 on Scale 1 to 10","2016","Saxony","indirect migration background","2","","","","4"
"4 on Scale 1 to 10","2016","Saxony-Anhalt","no migration background","65","0.0847646941717367","0.0649884193992805","0.104540968944193","4"
"4 on Scale 1 to 10","2016","Saxony-Anhalt","direct migration background","2","","","","4"
"4 on Scale 1 to 10","2016","Saxony-Anhalt","indirect migration background","","","","","4"
"4 on Scale 1 to 10","2016","Thuringia","no migration background","44","0.054646977196393","0.0391090793161039","0.0701848750766821","4"
"4 on Scale 1 to 10","2016","Thuringia","direct migration background","3","","","","4"
"4 on Scale 1 to 10","2016","Thuringia","indirect migration background","1","","","","4"
"4 on Scale 1 to 10","2016","Mecklenburg-Western Pomerania","direct migration background","1","","","","4"
"5 on Scale 1 to 10","2016","Berlin","direct migration background","20","","","","5"
"5 on Scale 1 to 10","2016","Berlin","indirect migration background","6","","","","5"
"5 on Scale 1 to 10","2016","Brandenburg","no migration background","103","0.121563894650892","0.0993191094038625","0.143808679897922","5"
"5 on Scale 1 to 10","2016","Brandenburg","direct migration background","9","","","","5"
"5 on Scale 1 to 10","2016","Brandenburg","indirect migration background","2","","","","5"
"5 on Scale 1 to 10","2016","Mecklenburg-Western Pomerania","no migration background","58","0.135061224061905","0.104890713767329","0.165231734356481","5"
"5 on Scale 1 to 10","2016","Mecklenburg-Western Pomerania","direct migration background","3","","","","5"
"5 on Scale 1 to 10","2016","Mecklenburg-Western Pomerania","indirect migration background","1","","","","5"
"5 on Scale 1 to 10","2016","Schleswig-Holstein","no migration background","81","0.137294323609426","0.110505041184316","0.164083606034536","5"
"5 on Scale 1 to 10","2016","Schleswig-Holstein","direct migration background","17","","","","5"
"5 on Scale 1 to 10","2016","Schleswig-Holstein","indirect migration background","3","","","","5"
"5 on Scale 1 to 10","2016","Hamburg","no migration background","24","","","","5"
"5 on Scale 1 to 10","2016","Hamburg","direct migration background","18","","","","5"
"5 on Scale 1 to 10","2016","Hamburg","indirect migration background","4","","","","5"
"5 on Scale 1 to 10","2016","Lower Saxony","no migration background","210","0.110291781407688","0.0957638847926432","0.124819678022734","5"
"5 on Scale 1 to 10","2016","Lower Saxony","direct migration background","57","0.126253087983963","0.0967244246768589","0.155781751291067","5"
"5 on Scale 1 to 10","2016","Lower Saxony","indirect migration background","10","","","","5"
"5 on Scale 1 to 10","2016","Hesse","indirect migration background","14","","","","5"
"5 on Scale 1 to 10","2016","Rhineland-Palatinate,Saarland","no migration background","112","0.116342627445619","0.0963292207912564","0.136356034099982","5"
"5 on Scale 1 to 10","2016","Rhineland-Palatinate,Saarland","direct migration background","47","0.213375889337012","0.172558153800086","0.254193624873938","5"
"5 on Scale 1 to 10","2016","Rhineland-Palatinate,Saarland","indirect migration background","17","","","","5"
"5 on Scale 1 to 10","2016","Baden-Württemberg","no migration background","165","0.0798688157778223","0.0677049280424388","0.0920327035132057","5"
"5 on Scale 1 to 10","2016","Baden-Württemberg","direct migration background","64","0.0743919026874531","0.0546399675851116","0.0941438377897947","5"
"5 on Scale 1 to 10","2016","Baden-Württemberg","indirect migration background","24","","","","5"
"5 on Scale 1 to 10","2016","Bavaria","no migration background","289","0.124477056223532","0.112255824957078","0.136698287489985","5"
"5 on Scale 1 to 10","2016","Bavaria","direct migration background","104","0.138783345646849","0.115305919850864","0.162260771442833","5"
"5 on Scale 1 to 10","2016","Bavaria","indirect migration background","22","","","","5"
"5 on Scale 1 to 10","2016","Berlin","no migration background","74","0.12066114306103","0.0966166634378692","0.14470562268419","5"
"5 on Scale 1 to 10","2016","Saxony","no migration background","167","0.145241947916933","0.126550222262821","0.163933673571045","5"
"5 on Scale 1 to 10","2016","Saxony","direct migration background","8","","","","5"
"5 on Scale 1 to 10","2016","Saxony","indirect migration background","1","","","","5"
"5 on Scale 1 to 10","2016","Saxony-Anhalt","no migration background","99","0.17055285240212","0.143847737069871","0.19725796773437","5"
"5 on Scale 1 to 10","2016","Saxony-Anhalt","direct migration background","6","","","","5"
"5 on Scale 1 to 10","2016","Saxony-Anhalt","indirect migration background","2","","","","5"
"5 on Scale 1 to 10","2016","Thuringia","no migration background","103","0.114516623482651","0.0927477148953714","0.136285532069932","5"
"5 on Scale 1 to 10","2016","Thuringia","direct migration background","8","","","","5"
"5 on Scale 1 to 10","2016","Thuringia","indirect migration background","1","","","","5"
"5 on Scale 1 to 10","2016","Bremen","direct migration background","5","","","","5"
"5 on Scale 1 to 10","2016","Bremen","indirect migration background","1","","","","5"
"5 on Scale 1 to 10","2016","North Rhine-Westphalia","no migration background","401","0.11752865609999","0.106593681324466","0.128463630875513","5"
"5 on Scale 1 to 10","2016","Bremen","no migration background","13","","","","5"
"5 on Scale 1 to 10","2016","Hesse","no migration background","118","0.109673841005103","0.0911823951190065","0.128165286891199","5"
"5 on Scale 1 to 10","2016","North Rhine-Westphalia","direct migration background","144","0.112980281804828","0.0955421802681393","0.130418383341517","5"
"5 on Scale 1 to 10","2016","North Rhine-Westphalia","indirect migration background","45","0.0644191382788559","0.0417618494869372","0.0870764270707745","5"
"5 on Scale 1 to 10","2016","Hesse","direct migration background","46","0.113958326653446","0.0825422518828499","0.145374401424043","5"
"6 on Scale 1 to 10","2016","Brandenburg","indirect migration background","2","","","","6"
"6 on Scale 1 to 10","2016","Mecklenburg-Western Pomerania","indirect migration background","2","","","","6"
"6 on Scale 1 to 10","2016","Mecklenburg-Western Pomerania","direct migration background","5","","","","6"
"6 on Scale 1 to 10","2016","Saxony","direct migration background","6","","","","6"
"6 on Scale 1 to 10","2016","Saxony","indirect migration background","3","","","","6"
"6 on Scale 1 to 10","2016","Berlin","direct migration background","16","","","","6"
"6 on Scale 1 to 10","2016","Berlin","indirect migration background","8","","","","6"
"6 on Scale 1 to 10","2016","Brandenburg","no migration background","96","0.0973759793183757","0.0771946305246328","0.117557328112119","6"
"6 on Scale 1 to 10","2016","Brandenburg","direct migration background","7","","","","6"
"6 on Scale 1 to 10","2016","Mecklenburg-Western Pomerania","no migration background","50","0.131762129601994","0.10190560200996","0.161618657194028","6"
"6 on Scale 1 to 10","2016","Saxony","no migration background","151","0.121760114924059","0.104412456259714","0.139107773588404","6"
"6 on Scale 1 to 10","2016","Schleswig-Holstein","no migration background","68","0.108789714322199","0.0845522336750772","0.133027194969322","6"
"6 on Scale 1 to 10","2016","Schleswig-Holstein","direct migration background","13","","","","6"
"6 on Scale 1 to 10","2016","Schleswig-Holstein","indirect migration background","9","","","","6"
"6 on Scale 1 to 10","2016","Hamburg","no migration background","34","0.120362746510966","0.0825860904135207","0.158139402608412","6"
"6 on Scale 1 to 10","2016","Hamburg","direct migration background","10","","","","6"
"6 on Scale 1 to 10","2016","Hamburg","indirect migration background","6","","","","6"
"6 on Scale 1 to 10","2016","Lower Saxony","no migration background","190","0.101468158524885","0.0874645813532922","0.115471735696479","6"
"6 on Scale 1 to 10","2016","Lower Saxony","direct migration background","51","0.0976319041894059","0.0712432220304079","0.124020586348404","6"
"6 on Scale 1 to 10","2016","Lower Saxony","indirect migration background","15","","","","6"
"6 on Scale 1 to 10","2016","Bremen","no migration background","14","","","","6"
"6 on Scale 1 to 10","2016","Bremen","direct migration background","6","","","","6"
"6 on Scale 1 to 10","2016","Bremen","indirect migration background","","","","","6"
"6 on Scale 1 to 10","2016","North Rhine-Westphalia","no migration background","373","0.110197804153868","0.0995654654860635","0.120830142821673","6"
"6 on Scale 1 to 10","2016","North Rhine-Westphalia","direct migration background","142","0.11045356348597","0.093187019624616","0.127720107347324","6"
"6 on Scale 1 to 10","2016","North Rhine-Westphalia","indirect migration background","50","0.150514155485555","0.117513196045294","0.183515114925816","6"
"6 on Scale 1 to 10","2016","Hesse","no migration background","148","0.119160118371402","0.0999885022169988","0.138331734525805","6"
"6 on Scale 1 to 10","2016","Hesse","direct migration background","34","0.118511263570901","0.0865561758716001","0.150466351270202","6"
"6 on Scale 1 to 10","2016","Hesse","indirect migration background","12","","","","6"
"6 on Scale 1 to 10","2016","Rhineland-Palatinate,Saarland","no migration background","101","0.0994118937664262","0.0807355477879999","0.118088239744853","6"
"6 on Scale 1 to 10","2016","Rhineland-Palatinate,Saarland","direct migration background","45","0.0856103542382125","0.0577349351549153","0.11348577332151","6"
"6 on Scale 1 to 10","2016","Rhineland-Palatinate,Saarland","indirect migration background","14","","","","6"
"6 on Scale 1 to 10","2016","Baden-Württemberg","no migration background","247","0.123676342904014","0.108904506433997","0.138448179374031","6"
"6 on Scale 1 to 10","2016","Baden-Württemberg","direct migration background","56","0.0906387727471309","0.0690285885381175","0.112248956956144","6"
"6 on Scale 1 to 10","2016","Baden-Württemberg","indirect migration background","30","0.0931192503140911","0.0581970097421847","0.128041490885997","6"
"6 on Scale 1 to 10","2016","Bavaria","no migration background","291","0.117987638558215","0.106045224280606","0.129930052835823","6"
"6 on Scale 1 to 10","2016","Bavaria","direct migration background","76","0.0808502791403435","0.062338017402591","0.0993625408780961","6"
"6 on Scale 1 to 10","2016","Bavaria","indirect migration background","24","","","","6"
"6 on Scale 1 to 10","2016","Berlin","no migration background","70","0.0832734085512424","0.0628782719776416","0.103668545124843","6"
"6 on Scale 1 to 10","2016","Saxony-Anhalt","no migration background","77","0.0879077992808798","0.0678028176637573","0.108012780898002","6"
"6 on Scale 1 to 10","2016","Saxony-Anhalt","direct migration background","7","","","","6"
"6 on Scale 1 to 10","2016","Saxony-Anhalt","indirect migration background","2","","","","6"
"6 on Scale 1 to 10","2016","Thuringia","no migration background","101","0.137554121494486","0.114008242294354","0.161100000694618","6"
"6 on Scale 1 to 10","2016","Thuringia","direct migration background","9","","","","6"
"6 on Scale 1 to 10","2016","Thuringia","indirect migration background","1","","","","6"
"7 on Scale 1 to 10","2016","Hesse","indirect migration background","20","","","","7"
"7 on Scale 1 to 10","2016","Rhineland-Palatinate,Saarland","no migration background","178","0.179478343080349","0.15552530066696","0.203431385493738","7"
"7 on Scale 1 to 10","2016","Rhineland-Palatinate,Saarland","direct migration background","58","0.158966758731649","0.122537331015765","0.195396186447532","7"
"7 on Scale 1 to 10","2016","Rhineland-Palatinate,Saarland","indirect migration background","19","","","","7"
"7 on Scale 1 to 10","2016","Baden-Württemberg","no migration background","340","0.163963762327427","0.147350864484645","0.18057666017021","7"
"7 on Scale 1 to 10","2016","Berlin","direct migration background","17","","","","7"
"7 on Scale 1 to 10","2016","Berlin","indirect migration background","9","","","","7"
"7 on Scale 1 to 10","2016","Brandenburg","no migration background","127","0.125804646789914","0.103229872647421","0.148379420932406","7"
"7 on Scale 1 to 10","2016","Brandenburg","direct migration background","7","","","","7"
"7 on Scale 1 to 10","2016","Brandenburg","indirect migration background","2","","","","7"
"7 on Scale 1 to 10","2016","Mecklenburg-Western Pomerania","no migration background","85","0.167825201504281","0.134836858636801","0.200813544371761","7"
"7 on Scale 1 to 10","2016","Mecklenburg-Western Pomerania","direct migration background","1","","","","7"
"7 on Scale 1 to 10","2016","Mecklenburg-Western Pomerania","indirect migration background","1","","","","7"
"7 on Scale 1 to 10","2016","Saxony","no migration background","246","0.156214265080223","0.136954180065629","0.175474350094816","7"
"7 on Scale 1 to 10","2016","Saxony","direct migration background","11","","","","7"
"7 on Scale 1 to 10","2016","Saxony","indirect migration background","6","","","","7"
"7 on Scale 1 to 10","2016","Saxony-Anhalt","no migration background","130","0.157993377454506","0.132096476212521","0.183890278696492","7"
"7 on Scale 1 to 10","2016","Saxony-Anhalt","direct migration background","6","","","","7"
"7 on Scale 1 to 10","2016","Saxony-Anhalt","indirect migration background","5","","","","7"
"7 on Scale 1 to 10","2016","Thuringia","no migration background","142","0.154743330315084","0.130019687818287","0.179466972811881","7"
"7 on Scale 1 to 10","2016","Thuringia","direct migration background","9","","","","7"
"7 on Scale 1 to 10","2016","Thuringia","indirect migration background","3","","","","7"
"7 on Scale 1 to 10","2016","Schleswig-Holstein","no migration background","125","0.219003229438689","0.186810830527188","0.25119562835019","7"
"7 on Scale 1 to 10","2016","Schleswig-Holstein","direct migration background","19","","","","7"
"7 on Scale 1 to 10","2016","Lower Saxony","indirect migration background","19","","","","7"
"7 on Scale 1 to 10","2016","Bremen","no migration background","18","","","","7"
"7 on Scale 1 to 10","2016","Bremen","direct migration background","8","","","","7"
"7 on Scale 1 to 10","2016","Bremen","indirect migration background","","","","","7"
"7 on Scale 1 to 10","2016","Bavaria","indirect migration background","40","0.177619423353523","0.130801757414881","0.224437089292164","7"
"7 on Scale 1 to 10","2016","Berlin","no migration background","111","0.144459246788644","0.118508697405929","0.170409796171359","7"
"7 on Scale 1 to 10","2016","Baden-Württemberg","direct migration background","129","0.192114668390276","0.162460321175091","0.221769015605461","7"
"7 on Scale 1 to 10","2016","Baden-Württemberg","indirect migration background","51","0.19118826060826","0.143931754746458","0.238444766470061","7"
"7 on Scale 1 to 10","2016","Schleswig-Holstein","indirect migration background","7","","","","7"
"7 on Scale 1 to 10","2016","Hamburg","no migration background","50","0.177328035975836","0.132984766433616","0.221671305518055","7"
"7 on Scale 1 to 10","2016","Hamburg","direct migration background","10","","","","7"
"7 on Scale 1 to 10","2016","Hamburg","indirect migration background","8","","","","7"
"7 on Scale 1 to 10","2016","Lower Saxony","no migration background","300","0.169190343956036","0.151802492629459","0.186578195282612","7"
"7 on Scale 1 to 10","2016","Lower Saxony","direct migration background","55","0.125185679769037","0.0957641517560269","0.154607207782047","7"
"7 on Scale 1 to 10","2016","North Rhine-Westphalia","no migration background","519","0.156328487581183","0.143997400911389","0.168659574250976","7"
"7 on Scale 1 to 10","2016","North Rhine-Westphalia","direct migration background","192","0.169980837782177","0.149290133185047","0.190671542379307","7"
"7 on Scale 1 to 10","2016","North Rhine-Westphalia","indirect migration background","84","0.179339571171805","0.143933345757893","0.214745796585717","7"
"7 on Scale 1 to 10","2016","Hesse","no migration background","176","0.176706047817118","0.154135196151373","0.199276899482864","7"
"7 on Scale 1 to 10","2016","Hesse","direct migration background","58","0.179854387426787","0.141882881869544","0.21782589298403","7"
"7 on Scale 1 to 10","2016","Bavaria","no migration background","467","0.146917874655783","0.133811901265966","0.160023848045599","7"
"7 on Scale 1 to 10","2016","Bavaria","direct migration background","100","0.110372278878262","0.089092860728246","0.131651697028278","7"
"8 on Scale 1 to 10","2016","Berlin","direct migration background","35","0.211899031307625","0.146933691654324","0.276864370960926","8"
"8 on Scale 1 to 10","2016","Berlin","indirect migration background","13","","","","8"
"8 on Scale 1 to 10","2016","Brandenburg","no migration background","175","0.220620891614727","0.192393644614696","0.248848138614758","8"
"8 on Scale 1 to 10","2016","Brandenburg","direct migration background","17","","","","8"
"8 on Scale 1 to 10","2016","Schleswig-Holstein","no migration background","141","0.21668113008742","0.184612286279361","0.248749973895479","8"
"8 on Scale 1 to 10","2016","Schleswig-Holstein","direct migration background","38","0.267779076296012","0.194948573885372","0.340609578706651","8"
"8 on Scale 1 to 10","2016","Schleswig-Holstein","indirect migration background","5","","","","8"
"8 on Scale 1 to 10","2016","Hamburg","no migration background","78","0.279646049332255","0.227538220686924","0.331753877977585","8"
"8 on Scale 1 to 10","2016","Hamburg","direct migration background","26","","","","8"
"8 on Scale 1 to 10","2016","Hamburg","indirect migration background","6","","","","8"
"8 on Scale 1 to 10","2016","Lower Saxony","no migration background","386","0.211846476995606","0.192895858121737","0.230797095869474","8"
"8 on Scale 1 to 10","2016","Lower Saxony","direct migration background","113","0.217848753050735","0.181149868299462","0.254547637802008","8"
"8 on Scale 1 to 10","2016","Lower Saxony","indirect migration background","19","","","","8"
"8 on Scale 1 to 10","2016","Bremen","no migration background","21","","","","8"
"8 on Scale 1 to 10","2016","Bremen","direct migration background","15","","","","8"
"8 on Scale 1 to 10","2016","Bremen","indirect migration background","2","","","","8"
"8 on Scale 1 to 10","2016","North Rhine-Westphalia","no migration background","713","0.209470017275393","0.195652955413283","0.223287079137504","8"
"8 on Scale 1 to 10","2016","North Rhine-Westphalia","direct migration background","266","0.210251954785638","0.187805614675503","0.232698294895773","8"
"8 on Scale 1 to 10","2016","North Rhine-Westphalia","indirect migration background","103","0.308039803498322","0.265430562751267","0.350649044245377","8"
"8 on Scale 1 to 10","2016","Hesse","no migration background","256","0.21876053322554","0.1942968777811","0.24322418866998","8"
"8 on Scale 1 to 10","2016","Hesse","direct migration background","81","0.189983602315532","0.151199228838067","0.228767975792998","8"
"8 on Scale 1 to 10","2016","Hesse","indirect migration background","21","","","","8"
"8 on Scale 1 to 10","2016","Rhineland-Palatinate,Saarland","no migration background","197","0.200647449298898","0.175650003366487","0.225644895231308","8"
"8 on Scale 1 to 10","2016","Rhineland-Palatinate,Saarland","direct migration background","76","0.158224601694215","0.121864279031356","0.194584924357073","8"
"8 on Scale 1 to 10","2016","Rhineland-Palatinate,Saarland","indirect migration background","22","","","","8"
"8 on Scale 1 to 10","2016","Baden-Württemberg","no migration background","441","0.227253427171473","0.208450187991099","0.246056666351847","8"
"8 on Scale 1 to 10","2016","Baden-Württemberg","direct migration background","159","0.254312995812051","0.22153398766718","0.287092003956923","8"
"8 on Scale 1 to 10","2016","Baden-Württemberg","indirect migration background","45","0.170625601758642","0.125418706301044","0.21583249721624","8"
"8 on Scale 1 to 10","2016","Bavaria","no migration background","621","0.217222344612102","0.20195695121808","0.232487738006123","8"
"8 on Scale 1 to 10","2016","Bavaria","direct migration background","165","0.192277747351115","0.165515589562617","0.219039905139614","8"
"8 on Scale 1 to 10","2016","Bavaria","indirect migration background","52","0.215841513961064","0.16544534526794","0.266237682654189","8"
"8 on Scale 1 to 10","2016","Berlin","no migration background","154","0.211980364174316","0.181810742153856","0.242149986194775","8"
"8 on Scale 1 to 10","2016","Mecklenburg-Western Pomerania","indirect migration background","4","","","","8"
"8 on Scale 1 to 10","2016","Saxony","no migration background","303","0.203639016905476","0.182275770572314","0.225002263238638","8"
"8 on Scale 1 to 10","2016","Mecklenburg-Western Pomerania","no migration background","98","0.190485552139024","0.155822407921928","0.225148696356119","8"
"8 on Scale 1 to 10","2016","Mecklenburg-Western Pomerania","direct migration background","3","","","","8"
"8 on Scale 1 to 10","2016","Saxony","direct migration background","16","","","","8"
"8 on Scale 1 to 10","2016","Saxony","indirect migration background","7","","","","8"
"8 on Scale 1 to 10","2016","Saxony-Anhalt","no migration background","156","0.202679439534109","0.174136944486587","0.231221934581632","8"
"8 on Scale 1 to 10","2016","Thuringia","indirect migration background","","","","","8"
"8 on Scale 1 to 10","2016","Brandenburg","indirect migration background","4","","","","8"
"8 on Scale 1 to 10","2016","Saxony-Anhalt","indirect migration background","5","","","","8"
"8 on Scale 1 to 10","2016","Saxony-Anhalt","direct migration background","5","","","","8"
"8 on Scale 1 to 10","2016","Thuringia","no migration background","175","0.23856913277285","0.209432822894216","0.267705442651485","8"
"8 on Scale 1 to 10","2016","Thuringia","direct migration background","12","","","","8"
"9 on Scale 1 to 10","2016","Hesse","indirect migration background","15","","","","9"
"9 on Scale 1 to 10","2016","Rhineland-Palatinate,Saarland","no migration background","128","0.123413893342063","0.10288389323178","0.143943893452345","9"
"9 on Scale 1 to 10","2016","Rhineland-Palatinate,Saarland","direct migration background","58","0.12125032594598","0.0887291190491193","0.153771532842841","9"
"9 on Scale 1 to 10","2016","Rhineland-Palatinate,Saarland","indirect migration background","13","","","","9"
"9 on Scale 1 to 10","2016","Baden-Württemberg","no migration background","258","0.137863653415717","0.122394313774424","0.153332993057011","9"
"9 on Scale 1 to 10","2016","Baden-Württemberg","direct migration background","80","0.123158252000636","0.0984224718769853","0.147894032124286","9"
"9 on Scale 1 to 10","2016","Baden-Württemberg","indirect migration background","33","0.158670397841583","0.114762937983745","0.202577857699421","9"
"9 on Scale 1 to 10","2016","Bavaria","no migration background","396","0.136109597862757","0.123415254472959","0.148803941252555","9"
"9 on Scale 1 to 10","2016","Bavaria","direct migration background","138","0.145874943854687","0.121904467072577","0.169845420636798","9"
"9 on Scale 1 to 10","2016","Bavaria","indirect migration background","42","0.168057857250745","0.122253786001492","0.213861928499998","9"
"9 on Scale 1 to 10","2016","Berlin","no migration background","85","0.129096754367126","0.104345560666065","0.153847948068187","9"
"9 on Scale 1 to 10","2016","Berlin","direct migration background","27","","","","9"
"9 on Scale 1 to 10","2016","Berlin","indirect migration background","4","","","","9"
"9 on Scale 1 to 10","2016","Brandenburg","no migration background","113","0.130862820371271","0.107905397814659","0.153820242927882","9"
"9 on Scale 1 to 10","2016","Brandenburg","direct migration background","11","","","","9"
"9 on Scale 1 to 10","2016","Brandenburg","indirect migration background","3","","","","9"
"9 on Scale 1 to 10","2016","Mecklenburg-Western Pomerania","no migration background","64","0.130261643107336","0.1005499624097","0.159973323804972","9"
"9 on Scale 1 to 10","2016","Mecklenburg-Western Pomerania","direct migration background","1","","","","9"
"9 on Scale 1 to 10","2016","Mecklenburg-Western Pomerania","indirect migration background","2","","","","9"
"9 on Scale 1 to 10","2016","Saxony","no migration background","169","0.107097302030971","0.090692420512807","0.123502183549134","9"
"9 on Scale 1 to 10","2016","Saxony","direct migration background","7","","","","9"
"9 on Scale 1 to 10","2016","Saxony","indirect migration background","","","","","9"
"9 on Scale 1 to 10","2016","Saxony-Anhalt","no migration background","96","0.116867701618581","0.0940574150697404","0.139677988167422","9"
"9 on Scale 1 to 10","2016","Saxony-Anhalt","direct migration background","8","","","","9"
"9 on Scale 1 to 10","2016","Saxony-Anhalt","indirect migration background","2","","","","9"
"9 on Scale 1 to 10","2016","Thuringia","no migration background","116","0.137197591362906","0.113677386500493","0.160717796225319","9"
"9 on Scale 1 to 10","2016","Thuringia","direct migration background","12","","","","9"
"9 on Scale 1 to 10","2016","Thuringia","indirect migration background","2","","","","9"
"9 on Scale 1 to 10","2016","Lower Saxony","indirect migration background","10","","","","9"
"9 on Scale 1 to 10","2016","Bremen","no migration background","14","","","","9"
"9 on Scale 1 to 10","2016","Bremen","direct migration background","6","","","","9"
"9 on Scale 1 to 10","2016","Bremen","indirect migration background","3","","","","9"
"9 on Scale 1 to 10","2016","North Rhine-Westphalia","no migration background","445","0.1340266111104","0.122459007819515","0.145594214401286","9"
"9 on Scale 1 to 10","2016","North Rhine-Westphalia","direct migration background","169","0.129175314378079","0.110700232677914","0.147650396078244","9"
"9 on Scale 1 to 10","2016","North Rhine-Westphalia","indirect migration background","53","0.102260700213475","0.0742973423993643","0.130224058027586","9"
"9 on Scale 1 to 10","2016","Schleswig-Holstein","no migration background","73","0.118841167584569","0.0936519883609064","0.144030346808232","9"
"9 on Scale 1 to 10","2016","Schleswig-Holstein","direct migration background","17","","","","9"
"9 on Scale 1 to 10","2016","Schleswig-Holstein","indirect migration background","5","","","","9"
"9 on Scale 1 to 10","2016","Hamburg","no migration background","34","0.107120550070657","0.0712152573355218","0.143025842805793","9"
"9 on Scale 1 to 10","2016","Hamburg","direct migration background","13","","","","9"
"9 on Scale 1 to 10","2016","Hamburg","indirect migration background","2","","","","9"
"9 on Scale 1 to 10","2016","Lower Saxony","no migration background","211","0.122239837419465","0.107048301713319","0.137431373125611","9"
"9 on Scale 1 to 10","2016","Lower Saxony","direct migration background","63","0.111057143577921","0.0831226933784855","0.138991593777357","9"
"9 on Scale 1 to 10","2016","Hesse","no migration background","129","0.117527216986629","0.0984697725021337","0.136584661471125","9"
"9 on Scale 1 to 10","2016","Hesse","direct migration background","58","0.125254066902332","0.0925283853651568","0.157979748439508","9"
"0 Completely dissatisfied","2017","Schleswig-Holstein","no migration background","4","","","","0"
"0 Completely dissatisfied","2017","Schleswig-Holstein","direct migration background","2","","","","0"
"0 Completely dissatisfied","2017","Schleswig-Holstein","indirect migration background","","","","","0"
"0 Completely dissatisfied","2017","Hamburg","no migration background","4","","","","0"
"0 Completely dissatisfied","2017","Hamburg","direct migration background","2","","","","0"
"0 Completely dissatisfied","2017","Hamburg","indirect migration background","","","","","0"
"0 Completely dissatisfied","2017","Lower Saxony","no migration background","12","","","","0"
"0 Completely dissatisfied","2017","Lower Saxony","direct migration background","7","","","","0"
"0 Completely dissatisfied","2017","Lower Saxony","indirect migration background","","","","","0"
"0 Completely dissatisfied","2017","Bremen","no migration background","1","","","","0"
"0 Completely dissatisfied","2017","Bremen","direct migration background","1","","","","0"
"0 Completely dissatisfied","2017","Bremen","indirect migration background","","","","","0"
"0 Completely dissatisfied","2017","North Rhine-Westphalia","no migration background","40","0.00808373960234117","0.00524002330327931","0.010927455901403","0"
"0 Completely dissatisfied","2017","North Rhine-Westphalia","direct migration background","11","","","","0"
"0 Completely dissatisfied","2017","North Rhine-Westphalia","indirect migration background","1","","","","0"
"0 Completely dissatisfied","2017","Hesse","no migration background","6","","","","0"
"0 Completely dissatisfied","2017","Hesse","direct migration background","2","","","","0"
"0 Completely dissatisfied","2017","Hesse","indirect migration background","1","","","","0"
"0 Completely dissatisfied","2017","Rhineland-Palatinate,Saarland","no migration background","2","","","","0"
"0 Completely dissatisfied","2017","Rhineland-Palatinate,Saarland","direct migration background","","","","","0"
"0 Completely dissatisfied","2017","Rhineland-Palatinate,Saarland","indirect migration background","1","","","","0"
"0 Completely dissatisfied","2017","Baden-Württemberg","no migration background","8","","","","0"
"0 Completely dissatisfied","2017","Baden-Württemberg","direct migration background","5","","","","0"
"0 Completely dissatisfied","2017","Baden-Württemberg","indirect migration background","5","","","","0"
"0 Completely dissatisfied","2017","Bavaria","no migration background","19","","","","0"
"0 Completely dissatisfied","2017","Bavaria","direct migration background","10","","","","0"
"0 Completely dissatisfied","2017","Bavaria","indirect migration background","5","","","","0"
"0 Completely dissatisfied","2017","Berlin","no migration background","8","","","","0"
"0 Completely dissatisfied","2017","Berlin","direct migration background","1","","","","0"
"0 Completely dissatisfied","2017","Berlin","indirect migration background","","","","","0"
"0 Completely dissatisfied","2017","Brandenburg","no migration background","9","","","","0"
"0 Completely dissatisfied","2017","Brandenburg","direct migration background","","","","","0"
"0 Completely dissatisfied","2017","Brandenburg","indirect migration background","","","","","0"
"0 Completely dissatisfied","2017","Mecklenburg-Western Pomerania","no migration background","4","","","","0"
"0 Completely dissatisfied","2017","Mecklenburg-Western Pomerania","direct migration background","","","","","0"
"0 Completely dissatisfied","2017","Mecklenburg-Western Pomerania","indirect migration background","","","","","0"
"0 Completely dissatisfied","2017","Saxony","no migration background","8","","","","0"
"0 Completely dissatisfied","2017","Saxony","direct migration background","","","","","0"
"0 Completely dissatisfied","2017","Saxony","indirect migration background","","","","","0"
"0 Completely dissatisfied","2017","Saxony-Anhalt","no migration background","6","","","","0"
"0 Completely dissatisfied","2017","Saxony-Anhalt","direct migration background","","","","","0"
"0 Completely dissatisfied","2017","Saxony-Anhalt","indirect migration background","","","","","0"
"0 Completely dissatisfied","2017","Thuringia","no migration background","6","","","","0"
"0 Completely dissatisfied","2017","Thuringia","direct migration background","","","","","0"
"0 Completely dissatisfied","2017","Thuringia","indirect migration background","1","","","","0"
"1 on Scale 1 to 10","2017","Schleswig-Holstein","direct migration background","2","","","","1"
"1 on Scale 1 to 10","2017","Bavaria","indirect migration background","","","","","1"
"1 on Scale 1 to 10","2017","Berlin","no migration background","16","","","","1"
"1 on Scale 1 to 10","2017","Schleswig-Holstein","no migration background","12","","","","1"
"1 on Scale 1 to 10","2017","North Rhine-Westphalia","indirect migration background","2","","","","1"
"1 on Scale 1 to 10","2017","Hesse","no migration background","21","","","","1"
"1 on Scale 1 to 10","2017","Schleswig-Holstein","indirect migration background","3","","","","1"
"1 on Scale 1 to 10","2017","Hamburg","indirect migration background","1","","","","1"
"1 on Scale 1 to 10","2017","Lower Saxony","indirect migration background","1","","","","1"
"1 on Scale 1 to 10","2017","Baden-Württemberg","indirect migration background","1","","","","1"
"1 on Scale 1 to 10","2017","Bavaria","no migration background","39","0.0125204029330838","0.00863371170009576","0.0164070941660719","1"
"1 on Scale 1 to 10","2017","Bavaria","direct migration background","5","","","","1"
"1 on Scale 1 to 10","2017","Berlin","direct migration background","3","","","","1"
"1 on Scale 1 to 10","2017","Berlin","indirect migration background","","","","","1"
"1 on Scale 1 to 10","2017","Brandenburg","no migration background","6","","","","1"
"1 on Scale 1 to 10","2017","Hamburg","no migration background","4","","","","1"
"1 on Scale 1 to 10","2017","Hamburg","direct migration background","","","","","1"
"1 on Scale 1 to 10","2017","Lower Saxony","no migration background","21","","","","1"
"1 on Scale 1 to 10","2017","Lower Saxony","direct migration background","2","","","","1"
"1 on Scale 1 to 10","2017","Bremen","no migration background","1","","","","1"
"1 on Scale 1 to 10","2017","Bremen","direct migration background","1","","","","1"
"1 on Scale 1 to 10","2017","Bremen","indirect migration background","","","","","1"
"1 on Scale 1 to 10","2017","North Rhine-Westphalia","no migration background","52","0.0142556287037819","0.0104910364409058","0.018020220966658","1"
"1 on Scale 1 to 10","2017","North Rhine-Westphalia","direct migration background","13","","","","1"
"1 on Scale 1 to 10","2017","Hesse","direct migration background","8","","","","1"
"1 on Scale 1 to 10","2017","Hesse","indirect migration background","4","","","","1"
"1 on Scale 1 to 10","2017","Rhineland-Palatinate,Saarland","no migration background","9","","","","1"
"1 on Scale 1 to 10","2017","Rhineland-Palatinate,Saarland","direct migration background","2","","","","1"
"1 on Scale 1 to 10","2017","Rhineland-Palatinate,Saarland","indirect migration background","","","","","1"
"1 on Scale 1 to 10","2017","Baden-Württemberg","no migration background","18","","","","1"
"1 on Scale 1 to 10","2017","Baden-Württemberg","direct migration background","12","","","","1"
"1 on Scale 1 to 10","2017","Brandenburg","direct migration background","","","","","1"
"1 on Scale 1 to 10","2017","Brandenburg","indirect migration background","","","","","1"
"1 on Scale 1 to 10","2017","Mecklenburg-Western Pomerania","no migration background","9","","","","1"
"1 on Scale 1 to 10","2017","Mecklenburg-Western Pomerania","direct migration background","","","","","1"
"1 on Scale 1 to 10","2017","Mecklenburg-Western Pomerania","indirect migration background","","","","","1"
"1 on Scale 1 to 10","2017","Saxony","no migration background","21","","","","1"
"1 on Scale 1 to 10","2017","Saxony","direct migration background","","","","","1"
"1 on Scale 1 to 10","2017","Saxony","indirect migration background","","","","","1"
"1 on Scale 1 to 10","2017","Saxony-Anhalt","no migration background","10","","","","1"
"1 on Scale 1 to 10","2017","Saxony-Anhalt","direct migration background","2","","","","1"
"1 on Scale 1 to 10","2017","Saxony-Anhalt","indirect migration background","1","","","","1"
"1 on Scale 1 to 10","2017","Thuringia","no migration background","9","","","","1"
"1 on Scale 1 to 10","2017","Thuringia","direct migration background","","","","","1"
"1 on Scale 1 to 10","2017","Thuringia","indirect migration background","","","","","1"
"10 Completely satisfied","2017","Schleswig-Holstein","no migration background","60","0.088544303169603","0.0683338851088374","0.108754721230369","10"
"10 Completely satisfied","2017","Schleswig-Holstein","direct migration background","16","","","","10"
"10 Completely satisfied","2017","Schleswig-Holstein","indirect migration background","7","","","","10"
"10 Completely satisfied","2017","Hamburg","no migration background","32","0.100394065327949","0.0676708656672039","0.133117264988694","10"
"10 Completely satisfied","2017","Hamburg","direct migration background","10","","","","10"
"10 Completely satisfied","2017","Bremen","direct migration background","7","","","","10"
"10 Completely satisfied","2017","Bremen","indirect migration background","2","","","","10"
"10 Completely satisfied","2017","North Rhine-Westphalia","no migration background","297","0.0825091239164506","0.0737714774319616","0.0912467704009395","10"
"10 Completely satisfied","2017","North Rhine-Westphalia","direct migration background","118","0.0726953378589075","0.0580236601396776","0.0873670155781373","10"
"10 Completely satisfied","2017","North Rhine-Westphalia","indirect migration background","56","0.090107937667506","0.0651591586806217","0.11505671665439","10"
"10 Completely satisfied","2017","Hesse","no migration background","101","0.0857246130519605","0.0702419895769679","0.101207236526953","10"
"10 Completely satisfied","2017","Hesse","direct migration background","40","0.0880395526172112","0.0594748895279547","0.116604215706468","10"
"10 Completely satisfied","2017","Hamburg","indirect migration background","3","","","","10"
"10 Completely satisfied","2017","Lower Saxony","no migration background","183","0.0908768475091551","0.0786066720424139","0.103147022975896","10"
"10 Completely satisfied","2017","Lower Saxony","direct migration background","62","0.111971976539669","0.0830928961439404","0.140851056935398","10"
"10 Completely satisfied","2017","Lower Saxony","indirect migration background","16","","","","10"
"10 Completely satisfied","2017","Hesse","indirect migration background","17","","","","10"
"10 Completely satisfied","2017","Bremen","no migration background","9","","","","10"
"10 Completely satisfied","2017","Rhineland-Palatinate,Saarland","no migration background","100","0.0926380100641937","0.0751183723563764","0.110157647772011","10"
"10 Completely satisfied","2017","Rhineland-Palatinate,Saarland","direct migration background","34","0.0678427674622424","0.0420793237729422","0.0936062111515426","10"
"10 Completely satisfied","2017","Rhineland-Palatinate,Saarland","indirect migration background","9","","","","10"
"10 Completely satisfied","2017","Baden-Württemberg","no migration background","199","0.0924965129807106","0.080172279269949","0.104820746691472","10"
"10 Completely satisfied","2017","Baden-Württemberg","direct migration background","76","0.128382482475195","0.102008864380224","0.154756100570165","10"
"10 Completely satisfied","2017","Baden-Württemberg","indirect migration background","42","0.172977633162184","0.129370978306249","0.216584288018119","10"
"10 Completely satisfied","2017","Bavaria","no migration background","321","0.100953545664141","0.0904228108370313","0.111484280491251","10"
"10 Completely satisfied","2017","Bavaria","direct migration background","104","0.122296121499753","0.0996496566583509","0.144942586341156","10"
"10 Completely satisfied","2017","Bavaria","indirect migration background","26","","","","10"
"10 Completely satisfied","2017","Berlin","no migration background","53","0.0753191499532837","0.0567869064076556","0.0938513934989118","10"
"10 Completely satisfied","2017","Berlin","direct migration background","11","","","","10"
"10 Completely satisfied","2017","Berlin","indirect migration background","7","","","","10"
"10 Completely satisfied","2017","Brandenburg","no migration background","64","0.0739044746855018","0.0570360174101803","0.0907729319608233","10"
"10 Completely satisfied","2017","Brandenburg","direct migration background","15","","","","10"
"10 Completely satisfied","2017","Brandenburg","indirect migration background","3","","","","10"
"10 Completely satisfied","2017","Mecklenburg-Western Pomerania","no migration background","41","0.0612313450592679","0.0412487579285783","0.0812139321899575","10"
"10 Completely satisfied","2017","Mecklenburg-Western Pomerania","direct migration background","3","","","","10"
"10 Completely satisfied","2017","Mecklenburg-Western Pomerania","indirect migration background","","","","","10"
"10 Completely satisfied","2017","Saxony","no migration background","127","0.0805569619302457","0.0670905909918777","0.0940233328686138","10"
"10 Completely satisfied","2017","Saxony","direct migration background","5","","","","10"
"10 Completely satisfied","2017","Saxony","indirect migration background","3","","","","10"
"10 Completely satisfied","2017","Saxony-Anhalt","no migration background","74","0.0737466513353164","0.0562586372243831","0.0912346654462498","10"
"10 Completely satisfied","2017","Saxony-Anhalt","direct migration background","8","","","","10"
"10 Completely satisfied","2017","Saxony-Anhalt","indirect migration background","2","","","","10"
"10 Completely satisfied","2017","Thuringia","no migration background","64","0.0672407863178666","0.0508791022742888","0.0836024703614443","10"
"10 Completely satisfied","2017","Thuringia","direct migration background","13","","","","10"
"10 Completely satisfied","2017","Thuringia","indirect migration background","4","","","","10"
"2 on Scale 1 to 10","2017","Bremen","indirect migration background","","","","","2"
"2 on Scale 1 to 10","2017","Hamburg","no migration background","12","","","","2"
"2 on Scale 1 to 10","2017","Schleswig-Holstein","direct migration background","5","","","","2"
"2 on Scale 1 to 10","2017","Schleswig-Holstein","indirect migration background","","","","","2"
"2 on Scale 1 to 10","2017","North Rhine-Westphalia","no migration background","128","0.0355345644105946","0.0296554564311346","0.0414136723900547","2"
"2 on Scale 1 to 10","2017","Schleswig-Holstein","no migration background","23","","","","2"
"2 on Scale 1 to 10","2017","Bremen","direct migration background","1","","","","2"
"2 on Scale 1 to 10","2017","Hamburg","direct migration background","3","","","","2"
"2 on Scale 1 to 10","2017","Hamburg","indirect migration background","2","","","","2"
"2 on Scale 1 to 10","2017","Lower Saxony","no migration background","64","0.0363123246180927","0.0283267170106938","0.0442979322254915","2"
"2 on Scale 1 to 10","2017","Lower Saxony","direct migration background","13","","","","2"
"2 on Scale 1 to 10","2017","Lower Saxony","indirect migration background","5","","","","2"
"2 on Scale 1 to 10","2017","Bremen","no migration background","8","","","","2"
"2 on Scale 1 to 10","2017","North Rhine-Westphalia","direct migration background","43","0.0351308776100672","0.0247270300277864","0.0455347251923481","2"
"2 on Scale 1 to 10","2017","North Rhine-Westphalia","indirect migration background","18","","","","2"
"2 on Scale 1 to 10","2017","Hesse","no migration background","34","0.0334283221174115","0.023487378896976","0.043369265337847","2"
"2 on Scale 1 to 10","2017","Hesse","direct migration background","12","","","","2"
"2 on Scale 1 to 10","2017","Hesse","indirect migration background","2","","","","2"
"2 on Scale 1 to 10","2017","Rhineland-Palatinate,Saarland","no migration background","39","0.0354184589388905","0.0242491957408859","0.046587722136895","2"
"2 on Scale 1 to 10","2017","Rhineland-Palatinate,Saarland","direct migration background","10","","","","2"
"2 on Scale 1 to 10","2017","Rhineland-Palatinate,Saarland","indirect migration background","6","","","","2"
"2 on Scale 1 to 10","2017","Baden-Württemberg","no migration background","53","0.0240886890553754","0.0175666281131512","0.0306107499975996","2"
"2 on Scale 1 to 10","2017","Baden-Württemberg","direct migration background","16","","","","2"
"2 on Scale 1 to 10","2017","Baden-Württemberg","indirect migration background","8","","","","2"
"2 on Scale 1 to 10","2017","Bavaria","no migration background","95","0.0269582917369567","0.0212969582939926","0.0326196251799207","2"
"2 on Scale 1 to 10","2017","Bavaria","direct migration background","28","","","","2"
"2 on Scale 1 to 10","2017","Bavaria","indirect migration background","6","","","","2"
"2 on Scale 1 to 10","2017","Berlin","no migration background","26","","","","2"
"2 on Scale 1 to 10","2017","Berlin","direct migration background","3","","","","2"
"2 on Scale 1 to 10","2017","Berlin","indirect migration background","3","","","","2"
"2 on Scale 1 to 10","2017","Brandenburg","no migration background","38","0.0309976851758471","0.01982290099791","0.0421724693537841","2"
"2 on Scale 1 to 10","2017","Brandenburg","direct migration background","2","","","","2"
"2 on Scale 1 to 10","2017","Brandenburg","indirect migration background","","","","","2"
"2 on Scale 1 to 10","2017","Mecklenburg-Western Pomerania","no migration background","14","","","","2"
"2 on Scale 1 to 10","2017","Mecklenburg-Western Pomerania","direct migration background","","","","","2"
"2 on Scale 1 to 10","2017","Mecklenburg-Western Pomerania","indirect migration background","","","","","2"
"2 on Scale 1 to 10","2017","Saxony","no migration background","41","0.0274413340823084","0.0193578770573709","0.0355247911072458","2"
"2 on Scale 1 to 10","2017","Saxony","direct migration background","1","","","","2"
"2 on Scale 1 to 10","2017","Saxony","indirect migration background","","","","","2"
"2 on Scale 1 to 10","2017","Saxony-Anhalt","no migration background","19","","","","2"
"2 on Scale 1 to 10","2017","Saxony-Anhalt","direct migration background","2","","","","2"
"2 on Scale 1 to 10","2017","Thuringia","direct migration background","","","","","2"
"2 on Scale 1 to 10","2017","Thuringia","indirect migration background","1","","","","2"
"2 on Scale 1 to 10","2017","Thuringia","no migration background","28","","","","2"
"2 on Scale 1 to 10","2017","Saxony-Anhalt","indirect migration background","","","","","2"
"3 on Scale 1 to 10","2017","Schleswig-Holstein","no migration background","26","","","","3"
"3 on Scale 1 to 10","2017","Schleswig-Holstein","direct migration background","7","","","","3"
"3 on Scale 1 to 10","2017","Schleswig-Holstein","indirect migration background","2","","","","3"
"3 on Scale 1 to 10","2017","Hamburg","no migration background","9","","","","3"
"3 on Scale 1 to 10","2017","Hamburg","direct migration background","7","","","","3"
"3 on Scale 1 to 10","2017","Hamburg","indirect migration background","","","","","3"
"3 on Scale 1 to 10","2017","Bremen","direct migration background","2","","","","3"
"3 on Scale 1 to 10","2017","Bremen","indirect migration background","1","","","","3"
"3 on Scale 1 to 10","2017","North Rhine-Westphalia","no migration background","249","0.0695586603926436","0.0614795655143215","0.0776377552709656","3"
"3 on Scale 1 to 10","2017","North Rhine-Westphalia","direct migration background","61","0.0513481160714306","0.0388762634203106","0.0638199687225506","3"
"3 on Scale 1 to 10","2017","North Rhine-Westphalia","indirect migration background","30","0.0563828736167017","0.0362852669139977","0.0764804803194057","3"
"3 on Scale 1 to 10","2017","Hesse","no migration background","62","0.0520511834922567","0.0397665834922169","0.0643357834922965","3"
"3 on Scale 1 to 10","2017","Hesse","direct migration background","17","","","","3"
"3 on Scale 1 to 10","2017","Hesse","indirect migration background","7","","","","3"
"3 on Scale 1 to 10","2017","Rhineland-Palatinate,Saarland","no migration background","42","0.0436125095014657","0.0312711585336713","0.0559538604692601","3"
"3 on Scale 1 to 10","2017","Rhineland-Palatinate,Saarland","direct migration background","16","","","","3"
"3 on Scale 1 to 10","2017","Rhineland-Palatinate,Saarland","indirect migration background","10","","","","3"
"3 on Scale 1 to 10","2017","Baden-Württemberg","no migration background","98","0.0531999096782968","0.0436531127047917","0.0627467066518019","3"
"3 on Scale 1 to 10","2017","Baden-Württemberg","direct migration background","25","","","","3"
"3 on Scale 1 to 10","2017","Baden-Württemberg","indirect migration background","17","","","","3"
"3 on Scale 1 to 10","2017","Bavaria","no migration background","168","0.0547134200733099","0.0467639990333024","0.0626628411133175","3"
"3 on Scale 1 to 10","2017","Bavaria","direct migration background","42","0.0686210313504202","0.0511462439553304","0.08609581874551","3"
"3 on Scale 1 to 10","2017","Bavaria","indirect migration background","11","","","","3"
"3 on Scale 1 to 10","2017","Berlin","no migration background","70","0.0854466549426955","0.0658161524645017","0.105077157420889","3"
"3 on Scale 1 to 10","2017","Berlin","direct migration background","7","","","","3"
"3 on Scale 1 to 10","2017","Berlin","indirect migration background","3","","","","3"
"3 on Scale 1 to 10","2017","Brandenburg","no migration background","60","0.0569302293879697","0.0419900612769113","0.0718703974990282","3"
"3 on Scale 1 to 10","2017","Brandenburg","direct migration background","7","","","","3"
"3 on Scale 1 to 10","2017","Brandenburg","indirect migration background","","","","","3"
"3 on Scale 1 to 10","2017","Mecklenburg-Western Pomerania","no migration background","38","0.0967810395822368","0.072138969427973","0.121423109736501","3"
"3 on Scale 1 to 10","2017","Mecklenburg-Western Pomerania","direct migration background","1","","","","3"
"3 on Scale 1 to 10","2017","Mecklenburg-Western Pomerania","indirect migration background","","","","","3"
"3 on Scale 1 to 10","2017","Saxony","no migration background","72","0.0434752907079669","0.0333849469217249","0.053565634494209","3"
"3 on Scale 1 to 10","2017","Saxony","direct migration background","5","","","","3"
"3 on Scale 1 to 10","2017","Saxony","indirect migration background","2","","","","3"
"3 on Scale 1 to 10","2017","Saxony-Anhalt","no migration background","49","0.0810094076377835","0.0627524794149024","0.0992663358606647","3"
"3 on Scale 1 to 10","2017","Saxony-Anhalt","direct migration background","3","","","","3"
"3 on Scale 1 to 10","2017","Saxony-Anhalt","indirect migration background","1","","","","3"
"3 on Scale 1 to 10","2017","Thuringia","no migration background","48","0.061338559643287","0.0456620955534755","0.0770150237330984","3"
"3 on Scale 1 to 10","2017","Thuringia","direct migration background","4","","","","3"
"3 on Scale 1 to 10","2017","Lower Saxony","no migration background","127","0.0641704479229887","0.0537093154717683","0.0746315803742091","3"
"3 on Scale 1 to 10","2017","Lower Saxony","direct migration background","18","","","","3"
"3 on Scale 1 to 10","2017","Lower Saxony","indirect migration background","4","","","","3"
"3 on Scale 1 to 10","2017","Bremen","no migration background","7","","","","3"
"3 on Scale 1 to 10","2017","Thuringia","indirect migration background","","","","","3"
"4 on Scale 1 to 10","2017","North Rhine-Westphalia","indirect migration background","40","0.0805287104771674","0.0568194891184181","0.104237931835917","4"
"4 on Scale 1 to 10","2017","Bavaria","no migration background","195","0.0578133520230784","0.0496552455268288","0.065971458519328","4"
"4 on Scale 1 to 10","2017","Schleswig-Holstein","no migration background","41","0.0548510927961985","0.0386527731955672","0.0710494123968297","4"
"4 on Scale 1 to 10","2017","Schleswig-Holstein","direct migration background","11","","","","4"
"4 on Scale 1 to 10","2017","Schleswig-Holstein","indirect migration background","3","","","","4"
"4 on Scale 1 to 10","2017","Baden-Württemberg","no migration background","125","0.0566008510355338","0.0467713309466749","0.0664303711243927","4"
"4 on Scale 1 to 10","2017","Baden-Württemberg","direct migration background","36","0.0458247747544801","0.0293386686366073","0.062310880872353","4"
"4 on Scale 1 to 10","2017","Bremen","direct migration background","5","","","","4"
"4 on Scale 1 to 10","2017","Bremen","indirect migration background","","","","","4"
"4 on Scale 1 to 10","2017","North Rhine-Westphalia","no migration background","254","0.0693187088894858","0.0612525210921168","0.0773848966868548","4"
"4 on Scale 1 to 10","2017","North Rhine-Westphalia","direct migration background","87","0.0765351842225137","0.0615122066123708","0.0915581618326565","4"
"4 on Scale 1 to 10","2017","Hesse","no migration background","96","0.0692890522161568","0.0552449819738339","0.0833331224584796","4"
"4 on Scale 1 to 10","2017","Hesse","direct migration background","31","0.0788801668353069","0.0517067551785992","0.106053578492014","4"
"4 on Scale 1 to 10","2017","Hesse","indirect migration background","10","","","","4"
"4 on Scale 1 to 10","2017","Rhineland-Palatinate,Saarland","indirect migration background","7","","","","4"
"4 on Scale 1 to 10","2017","Baden-Württemberg","indirect migration background","14","","","","4"
"4 on Scale 1 to 10","2017","Bavaria","direct migration background","56","0.0856395041978903","0.0662968589818197","0.104982149413961","4"
"4 on Scale 1 to 10","2017","Hamburg","no migration background","27","","","","4"
"4 on Scale 1 to 10","2017","Hamburg","direct migration background","4","","","","4"
"4 on Scale 1 to 10","2017","Lower Saxony","no migration background","140","0.0712236794077132","0.0602442301047769","0.0822031287106494","4"
"4 on Scale 1 to 10","2017","Lower Saxony","direct migration background","26","","","","4"
"4 on Scale 1 to 10","2017","Lower Saxony","indirect migration background","4","","","","4"
"4 on Scale 1 to 10","2017","Bremen","no migration background","13","","","","4"
"4 on Scale 1 to 10","2017","Rhineland-Palatinate,Saarland","no migration background","78","0.0766843948266685","0.0606050330659625","0.0927637565873746","4"
"4 on Scale 1 to 10","2017","Rhineland-Palatinate,Saarland","direct migration background","22","","","","4"
"4 on Scale 1 to 10","2017","Hamburg","indirect migration background","3","","","","4"
"4 on Scale 1 to 10","2017","Bavaria","indirect migration background","21","","","","4"
"4 on Scale 1 to 10","2017","Berlin","no migration background","52","0.0803611795968826","0.0612709495655856","0.0994514096281796","4"
"4 on Scale 1 to 10","2017","Berlin","direct migration background","13","","","","4"
"4 on Scale 1 to 10","2017","Berlin","indirect migration background","4","","","","4"
"4 on Scale 1 to 10","2017","Brandenburg","no migration background","75","0.112867039174875","0.0924642271029211","0.133269851246829","4"
"4 on Scale 1 to 10","2017","Brandenburg","direct migration background","3","","","","4"
"4 on Scale 1 to 10","2017","Brandenburg","indirect migration background","1","","","","4"
"4 on Scale 1 to 10","2017","Mecklenburg-Western Pomerania","no migration background","39","0.0690993313852953","0.0479608336849011","0.0902378290856895","4"
"4 on Scale 1 to 10","2017","Mecklenburg-Western Pomerania","direct migration background","1","","","","4"
"4 on Scale 1 to 10","2017","Mecklenburg-Western Pomerania","indirect migration background","1","","","","4"
"4 on Scale 1 to 10","2017","Saxony","no migration background","91","0.0645128929167162","0.052357226286694","0.0766685595467385","4"
"4 on Scale 1 to 10","2017","Saxony","direct migration background","8","","","","4"
"4 on Scale 1 to 10","2017","Saxony","indirect migration background","1","","","","4"
"4 on Scale 1 to 10","2017","Saxony-Anhalt","no migration background","74","0.0914665411083854","0.072177704330787","0.110755377885984","4"
"4 on Scale 1 to 10","2017","Saxony-Anhalt","direct migration background","2","","","","4"
"4 on Scale 1 to 10","2017","Saxony-Anhalt","indirect migration background","1","","","","4"
"4 on Scale 1 to 10","2017","Thuringia","no migration background","59","0.0537380997140467","0.0390056941516301","0.0684705052764633","4"
"4 on Scale 1 to 10","2017","Thuringia","direct migration background","3","","","","4"
"4 on Scale 1 to 10","2017","Thuringia","indirect migration background","2","","","","4"
"5 on Scale 1 to 10","2017","Schleswig-Holstein","no migration background","86","0.117661047759343","0.0947385845207557","0.14058351099793","5"
"5 on Scale 1 to 10","2017","Schleswig-Holstein","direct migration background","17","","","","5"
"5 on Scale 1 to 10","2017","Schleswig-Holstein","indirect migration background","4","","","","5"
"5 on Scale 1 to 10","2017","Hamburg","no migration background","35","0.10332884578808","0.0701849942901243","0.136472697286036","5"
"5 on Scale 1 to 10","2017","Hamburg","direct migration background","16","","","","5"
"5 on Scale 1 to 10","2017","Hamburg","indirect migration background","6","","","","5"
"5 on Scale 1 to 10","2017","Lower Saxony","no migration background","238","0.0976332255449693","0.0849624512608956","0.110303999829043","5"
"5 on Scale 1 to 10","2017","Lower Saxony","direct migration background","49","0.125571671748398","0.0952241452417797","0.155919198255016","5"
"5 on Scale 1 to 10","2017","Lower Saxony","indirect migration background","16","","","","5"
"5 on Scale 1 to 10","2017","Bremen","no migration background","14","","","","5"
"5 on Scale 1 to 10","2017","Bremen","direct migration background","5","","","","5"
"5 on Scale 1 to 10","2017","Bremen","indirect migration background","1","","","","5"
"5 on Scale 1 to 10","2017","North Rhine-Westphalia","no migration background","446","0.123106430155437","0.112672295999545","0.133540564311329","5"
"5 on Scale 1 to 10","2017","North Rhine-Westphalia","direct migration background","157","0.139196969405941","0.119636374413799","0.158757564398082","5"
"5 on Scale 1 to 10","2017","North Rhine-Westphalia","indirect migration background","70","0.113193949772514","0.0855882498074277","0.140799649737599","5"
"5 on Scale 1 to 10","2017","Hesse","no migration background","127","0.100832694197673","0.0841803947961488","0.117484993599198","5"
"5 on Scale 1 to 10","2017","Hesse","direct migration background","47","0.140504662353682","0.105472308290331","0.175537016417032","5"
"5 on Scale 1 to 10","2017","Hesse","indirect migration background","22","","","","5"
"5 on Scale 1 to 10","2017","Rhineland-Palatinate,Saarland","no migration background","124","0.145903826728261","0.124572053880418","0.167235599576103","5"
"5 on Scale 1 to 10","2017","Rhineland-Palatinate,Saarland","direct migration background","45","0.177926597477307","0.138744896689376","0.217108298265239","5"
"5 on Scale 1 to 10","2017","Rhineland-Palatinate,Saarland","indirect migration background","10","","","","5"
"5 on Scale 1 to 10","2017","Baden-Württemberg","no migration background","235","0.127483466603476","0.113296587794303","0.141670345412649","5"
"5 on Scale 1 to 10","2017","Baden-Württemberg","direct migration background","75","0.115159936168023","0.0899926173699229","0.140327254966124","5"
"5 on Scale 1 to 10","2017","Baden-Württemberg","indirect migration background","25","","","","5"
"5 on Scale 1 to 10","2017","Bavaria","no migration background","340","0.121946811869425","0.110508749514613","0.133384874224236","5"
"5 on Scale 1 to 10","2017","Bavaria","direct migration background","81","0.129412596484189","0.106211178316761","0.152614014651616","5"
"5 on Scale 1 to 10","2017","Bavaria","indirect migration background","28","","","","5"
"5 on Scale 1 to 10","2017","Berlin","no migration background","84","0.107755183559002","0.0859810709565508","0.129529296161452","5"
"5 on Scale 1 to 10","2017","Berlin","direct migration background","14","","","","5"
"5 on Scale 1 to 10","2017","Berlin","indirect migration background","4","","","","5"
"5 on Scale 1 to 10","2017","Brandenburg","no migration background","106","0.0941291264908725","0.0753009930486172","0.112957259933128","5"
"5 on Scale 1 to 10","2017","Brandenburg","direct migration background","13","","","","5"
"5 on Scale 1 to 10","2017","Brandenburg","indirect migration background","3","","","","5"
"5 on Scale 1 to 10","2017","Mecklenburg-Western Pomerania","no migration background","75","0.13684979520889","0.108204665690536","0.165494924727244","5"
"5 on Scale 1 to 10","2017","Mecklenburg-Western Pomerania","direct migration background","1","","","","5"
"5 on Scale 1 to 10","2017","Mecklenburg-Western Pomerania","indirect migration background","","","","","5"
"5 on Scale 1 to 10","2017","Saxony","no migration background","196","0.120181759882131","0.104091895646791","0.136271624117472","5"
"5 on Scale 1 to 10","2017","Saxony-Anhalt","direct migration background","8","","","","5"
"5 on Scale 1 to 10","2017","Saxony-Anhalt","no migration background","139","0.18731856751875","0.16121168410166","0.213425450935841","5"
"5 on Scale 1 to 10","2017","Thuringia","no migration background","123","0.135298041440521","0.112951731784542","0.1576443510965","5"
"5 on Scale 1 to 10","2017","Thuringia","direct migration background","6","","","","5"
"5 on Scale 1 to 10","2017","Saxony-Anhalt","indirect migration background","1","","","","5"
"5 on Scale 1 to 10","2017","Saxony","indirect migration background","2","","","","5"
"5 on Scale 1 to 10","2017","Thuringia","indirect migration background","3","","","","5"
"5 on Scale 1 to 10","2017","Saxony","direct migration background","7","","","","5"
"6 on Scale 1 to 10","2017","Schleswig-Holstein","no migration background","86","0.10771365148651","0.085658263517729","0.129769039455292","6"
"6 on Scale 1 to 10","2017","Schleswig-Holstein","direct migration background","11","","","","6"
"6 on Scale 1 to 10","2017","Schleswig-Holstein","indirect migration background","8","","","","6"
"6 on Scale 1 to 10","2017","Hamburg","no migration background","43","0.109727850957125","0.0756952284656499","0.1437604734486","6"
"6 on Scale 1 to 10","2017","Hamburg","direct migration background","15","","","","6"
"6 on Scale 1 to 10","2017","Hamburg","indirect migration background","3","","","","6"
"6 on Scale 1 to 10","2017","Lower Saxony","no migration background","240","0.113863522155027","0.100303656025028","0.127423388285027","6"
"6 on Scale 1 to 10","2017","Lower Saxony","direct migration background","57","0.125264066840761","0.0949484025345918","0.155579731146929","6"
"6 on Scale 1 to 10","2017","Lower Saxony","indirect migration background","13","","","","6"
"6 on Scale 1 to 10","2017","Bremen","no migration background","15","","","","6"
"6 on Scale 1 to 10","2017","Bremen","direct migration background","9","","","","6"
"6 on Scale 1 to 10","2017","Bremen","indirect migration background","","","","","6"
"6 on Scale 1 to 10","2017","North Rhine-Westphalia","no migration background","459","0.113639158522977","0.103560287449522","0.123718029596432","6"
"6 on Scale 1 to 10","2017","North Rhine-Westphalia","direct migration background","144","0.132939193156231","0.113753982400587","0.152124403911875","6"
"6 on Scale 1 to 10","2017","North Rhine-Westphalia","indirect migration background","55","0.145893811243952","0.115136582551802","0.176651039936103","6"
"6 on Scale 1 to 10","2017","Hesse","no migration background","160","0.117281033665158","0.0994868367264829","0.135075230603833","6"
"6 on Scale 1 to 10","2017","Hesse","direct migration background","29","","","","6"
"6 on Scale 1 to 10","2017","Rhineland-Palatinate,Saarland","no migration background","129","0.116472871244822","0.0970880162589606","0.135857726230684","6"
"6 on Scale 1 to 10","2017","Rhineland-Palatinate,Saarland","direct migration background","47","0.120514809117887","0.08716126238855","0.153868355847224","6"
"6 on Scale 1 to 10","2017","Rhineland-Palatinate,Saarland","indirect migration background","14","","","","6"
"6 on Scale 1 to 10","2017","Baden-Württemberg","no migration background","268","0.120989142089606","0.107117003709804","0.134861280469408","6"
"6 on Scale 1 to 10","2017","Baden-Württemberg","direct migration background","68","0.104863705087977","0.0807084829347501","0.129018927241204","6"
"6 on Scale 1 to 10","2017","Baden-Württemberg","indirect migration background","31","0.0677006700226106","0.0387356829424533","0.096665657102768","6"
"6 on Scale 1 to 10","2017","Bavaria","no migration background","319","0.108849192106669","0.0979625228272162","0.119735861386122","6"
"6 on Scale 1 to 10","2017","Bavaria","direct migration background","88","0.100878782143055","0.0800612566499086","0.121696307636202","6"
"6 on Scale 1 to 10","2017","Bavaria","indirect migration background","24","","","","6"
"6 on Scale 1 to 10","2017","Berlin","no migration background","112","0.112397753418024","0.0902174555611547","0.134578051274894","6"
"6 on Scale 1 to 10","2017","Berlin","direct migration background","17","","","","6"
"6 on Scale 1 to 10","2017","Berlin","indirect migration background","13","","","","6"
"6 on Scale 1 to 10","2017","Brandenburg","no migration background","101","0.104999854965577","0.0852338906102742","0.12476581932088","6"
"6 on Scale 1 to 10","2017","Brandenburg","direct migration background","7","","","","6"
"6 on Scale 1 to 10","2017","Brandenburg","indirect migration background","3","","","","6"
"6 on Scale 1 to 10","2017","Mecklenburg-Western Pomerania","no migration background","63","0.10959960392766","0.0835630987172163","0.135636109138104","6"
"6 on Scale 1 to 10","2017","Mecklenburg-Western Pomerania","direct migration background","3","","","","6"
"6 on Scale 1 to 10","2017","Mecklenburg-Western Pomerania","indirect migration background","1","","","","6"
"6 on Scale 1 to 10","2017","Saxony","no migration background","191","0.12752643613754","0.111021537213724","0.144031335061356","6"
"6 on Scale 1 to 10","2017","Saxony","direct migration background","4","","","","6"
"6 on Scale 1 to 10","2017","Saxony","indirect migration background","5","","","","6"
"6 on Scale 1 to 10","2017","Hesse","indirect migration background","19","","","","6"
"6 on Scale 1 to 10","2017","Saxony-Anhalt","no migration background","91","0.0955956444649039","0.0759210938078214","0.115270195121986","6"
"6 on Scale 1 to 10","2017","Saxony-Anhalt","direct migration background","4","","","","6"
"6 on Scale 1 to 10","2017","Saxony-Anhalt","indirect migration background","2","","","","6"
"6 on Scale 1 to 10","2017","Thuringia","no migration background","105","0.0972639917643773","0.0779049764278404","0.116623007100914","6"
"6 on Scale 1 to 10","2017","Thuringia","direct migration background","12","","","","6"
"6 on Scale 1 to 10","2017","Thuringia","indirect migration background","1","","","","6"
"7 on Scale 1 to 10","2017","Schleswig-Holstein","no migration background","144","0.202188975707193","0.173615968171935","0.230761983242451","7"
"7 on Scale 1 to 10","2017","Bremen","direct migration background","12","","","","7"
"7 on Scale 1 to 10","2017","North Rhine-Westphalia","no migration background","660","0.169002292754655","0.157101145859431","0.180903439649878","7"
"7 on Scale 1 to 10","2017","North Rhine-Westphalia","direct migration background","188","0.165787233695547","0.144772241370187","0.186802226020908","7"
"7 on Scale 1 to 10","2017","Rhineland-Palatinate,Saarland","indirect migration background","20","","","","7"
"7 on Scale 1 to 10","2017","Baden-Württemberg","no migration background","408","0.186806950653672","0.170227641170093","0.203386260137251","7"
"7 on Scale 1 to 10","2017","Bremen","indirect migration background","1","","","","7"
"7 on Scale 1 to 10","2017","Schleswig-Holstein","direct migration background","25","","","","7"
"7 on Scale 1 to 10","2017","Schleswig-Holstein","indirect migration background","3","","","","7"
"7 on Scale 1 to 10","2017","Hamburg","no migration background","53","0.151813981227086","0.112740957113284","0.190887005340887","7"
"7 on Scale 1 to 10","2017","Rhineland-Palatinate,Saarland","no migration background","188","0.163509662542492","0.141161470403615","0.185857854681368","7"
"7 on Scale 1 to 10","2017","Lower Saxony","indirect migration background","32","0.270425603850383","0.195219275224169","0.345631932476597","7"
"7 on Scale 1 to 10","2017","Bremen","no migration background","28","","","","7"
"7 on Scale 1 to 10","2017","Hamburg","direct migration background","14","","","","7"
"7 on Scale 1 to 10","2017","Hamburg","indirect migration background","7","","","","7"
"7 on Scale 1 to 10","2017","Lower Saxony","no migration background","375","0.180916956556279","0.164483974082852","0.197349939029706","7"
"7 on Scale 1 to 10","2017","Lower Saxony","direct migration background","71","0.160105121641778","0.126521275550856","0.1936889677327","7"
"7 on Scale 1 to 10","2017","North Rhine-Westphalia","indirect migration background","91","0.153707201169059","0.122281841089443","0.185132561248674","7"
"7 on Scale 1 to 10","2017","Hesse","no migration background","227","0.185598586825581","0.164097527218757","0.207099646432406","7"
"7 on Scale 1 to 10","2017","Hesse","direct migration background","55","0.195893692194978","0.15588363690669","0.235903747483266","7"
"7 on Scale 1 to 10","2017","Hesse","indirect migration background","23","","","","7"
"7 on Scale 1 to 10","2017","Rhineland-Palatinate,Saarland","direct migration background","57","0.117246162386082","0.0842869614760952","0.150205363296069","7"
"7 on Scale 1 to 10","2017","Baden-Württemberg","direct migration background","95","0.172716900214382","0.142914698685028","0.202519101743736","7"
"7 on Scale 1 to 10","2017","Baden-Württemberg","indirect migration background","54","0.187074217840832","0.142113670721884","0.232034764959779","7"
"7 on Scale 1 to 10","2017","Bavaria","no migration background","527","0.167348533439842","0.154300369537675","0.18039669734201","7"
"7 on Scale 1 to 10","2017","Bavaria","direct migration background","111","0.123126195832093","0.100413753090754","0.145838638573432","7"
"7 on Scale 1 to 10","2017","Bavaria","indirect migration background","47","0.167685606895547","0.121742238943952","0.213628974847143","7"
"7 on Scale 1 to 10","2017","Berlin","no migration background","148","0.188696668880801","0.16122069413634","0.216172643625263","7"
"7 on Scale 1 to 10","2017","Berlin","direct migration background","25","","","","7"
"7 on Scale 1 to 10","2017","Berlin","indirect migration background","9","","","","7"
"7 on Scale 1 to 10","2017","Brandenburg","no migration background","154","0.192765222985143","0.167330537025162","0.218199908945123","7"
"7 on Scale 1 to 10","2017","Brandenburg","direct migration background","15","","","","7"
"7 on Scale 1 to 10","2017","Brandenburg","indirect migration background","1","","","","7"
"7 on Scale 1 to 10","2017","Mecklenburg-Western Pomerania","no migration background","78","0.138223317384769","0.109457709849099","0.16698892492044","7"
"7 on Scale 1 to 10","2017","Mecklenburg-Western Pomerania","direct migration background","2","","","","7"
"7 on Scale 1 to 10","2017","Mecklenburg-Western Pomerania","indirect migration background","1","","","","7"
"7 on Scale 1 to 10","2017","Saxony","no migration background","297","0.178425627777926","0.159480886537391","0.197370369018461","7"
"7 on Scale 1 to 10","2017","Saxony","direct migration background","14","","","","7"
"7 on Scale 1 to 10","2017","Saxony","indirect migration background","4","","","","7"
"7 on Scale 1 to 10","2017","Saxony-Anhalt","no migration background","124","0.117408290418251","0.095868882995976","0.138947697840525","7"
"7 on Scale 1 to 10","2017","Saxony-Anhalt","direct migration background","9","","","","7"
"7 on Scale 1 to 10","2017","Saxony-Anhalt","indirect migration background","4","","","","7"
"7 on Scale 1 to 10","2017","Thuringia","no migration background","155","0.172911852116227","0.148205130810327","0.197618573422128","7"
"7 on Scale 1 to 10","2017","Thuringia","direct migration background","13","","","","7"
"7 on Scale 1 to 10","2017","Thuringia","indirect migration background","1","","","","7"
"8 on Scale 1 to 10","2017","Schleswig-Holstein","indirect migration background","9","","","","8"
"8 on Scale 1 to 10","2017","Schleswig-Holstein","no migration background","172","0.199236394683008","0.170820345005841","0.227652444360175","8"
"8 on Scale 1 to 10","2017","Schleswig-Holstein","direct migration background","32","0.172786177406953","0.111037133903626","0.234535220910281","8"
"8 on Scale 1 to 10","2017","Hamburg","no migration background","69","0.221146447308681","0.175956329660393","0.266336564956968","8"
"8 on Scale 1 to 10","2017","Hamburg","direct migration background","15","","","","8"
"8 on Scale 1 to 10","2017","Hamburg","indirect migration background","9","","","","8"
"8 on Scale 1 to 10","2017","Lower Saxony","no migration background","454","0.2145165267798","0.196993396412213","0.232039657147387","8"
"8 on Scale 1 to 10","2017","Lower Saxony","direct migration background","100","0.186003974473006","0.15036808475179","0.221639864194223","8"
"8 on Scale 1 to 10","2017","Lower Saxony","indirect migration background","22","","","","8"
"8 on Scale 1 to 10","2017","Bremen","no migration background","28","","","","8"
"8 on Scale 1 to 10","2017","Bremen","direct migration background","12","","","","8"
"8 on Scale 1 to 10","2017","Bremen","indirect migration background","3","","","","8"
"8 on Scale 1 to 10","2017","North Rhine-Westphalia","no migration background","737","0.194845503766944","0.182267045586648","0.207423961947239","8"
"8 on Scale 1 to 10","2017","North Rhine-Westphalia","direct migration background","234","0.205049693189731","0.182234989645291","0.22786439673417","8"
"8 on Scale 1 to 10","2017","North Rhine-Westphalia","indirect migration background","100","0.262799782630482","0.224448661818119","0.301150903442845","8"
"8 on Scale 1 to 10","2017","Hesse","no migration background","279","0.230144414898812","0.206865747045765","0.253423082751859","8"
"8 on Scale 1 to 10","2017","Hesse","direct migration background","89","0.184695869765503","0.145576612170199","0.223815127360807","8"
"8 on Scale 1 to 10","2017","Hesse","indirect migration background","29","","","","8"
"8 on Scale 1 to 10","2017","Rhineland-Palatinate,Saarland","no migration background","223","0.214875143686995","0.190055092396494","0.239695194977496","8"
"8 on Scale 1 to 10","2017","Rhineland-Palatinate,Saarland","direct migration background","90","0.243437812977332","0.199471111679489","0.287404514275175","8"
"8 on Scale 1 to 10","2017","Rhineland-Palatinate,Saarland","indirect migration background","16","","","","8"
"8 on Scale 1 to 10","2017","Baden-Württemberg","no migration background","451","0.204316211672416","0.187165001750502","0.221467421594331","8"
"8 on Scale 1 to 10","2017","Baden-Württemberg","direct migration background","136","0.227509753516832","0.194457553991284","0.260561953042379","8"
"8 on Scale 1 to 10","2017","Baden-Württemberg","indirect migration background","63","0.248473313653527","0.198652450333217","0.298294176973837","8"
"8 on Scale 1 to 10","2017","Bavaria","no migration background","675","0.213974076027987","0.199638807350844","0.228309344705129","8"
"8 on Scale 1 to 10","2017","Bavaria","direct migration background","162","0.174549262642452","0.148311629475438","0.200786895809466","8"
"8 on Scale 1 to 10","2017","Bavaria","indirect migration background","52","0.22871700606702","0.17706498264823","0.28036902948581","8"
"8 on Scale 1 to 10","2017","Berlin","no migration background","127","0.168634216076724","0.142340723075822","0.194927709077626","8"
"8 on Scale 1 to 10","2017","Berlin","direct migration background","38","0.257558313636746","0.188268189991899","0.326848437281593","8"
"8 on Scale 1 to 10","2017","Berlin","indirect migration background","11","","","","8"
"8 on Scale 1 to 10","2017","Brandenburg","no migration background","213","0.207263842048204","0.18112789681841","0.233399787277999","8"
"8 on Scale 1 to 10","2017","Brandenburg","direct migration background","21","","","","8"
"8 on Scale 1 to 10","2017","Brandenburg","indirect migration background","2","","","","8"
"8 on Scale 1 to 10","2017","Mecklenburg-Western Pomerania","no migration background","126","0.222670835251107","0.187995579283654","0.25734609121856","8"
"8 on Scale 1 to 10","2017","Mecklenburg-Western Pomerania","direct migration background","4","","","","8"
"8 on Scale 1 to 10","2017","Mecklenburg-Western Pomerania","indirect migration background","6","","","","8"
"8 on Scale 1 to 10","2017","Saxony","no migration background","324","0.211012524345509","0.190823013804512","0.231202034886507","8"
"8 on Scale 1 to 10","2017","Saxony","direct migration background","16","","","","8"
"8 on Scale 1 to 10","2017","Saxony","indirect migration background","8","","","","8"
"8 on Scale 1 to 10","2017","Saxony-Anhalt","no migration background","169","0.206341880080083","0.179263986898333","0.233419773261833","8"
"8 on Scale 1 to 10","2017","Saxony-Anhalt","direct migration background","5","","","","8"
"8 on Scale 1 to 10","2017","Saxony-Anhalt","indirect migration background","6","","","","8"
"8 on Scale 1 to 10","2017","Thuringia","no migration background","199","0.227363543812111","0.19998093329031","0.254746154333912","8"
"8 on Scale 1 to 10","2017","Thuringia","direct migration background","11","","","","8"
"8 on Scale 1 to 10","2017","Thuringia","indirect migration background","3","","","","8"
"9 on Scale 1 to 10","2017","Schleswig-Holstein","direct migration background","16","","","","9"
"9 on Scale 1 to 10","2017","Hamburg","no migration background","36","0.113623750742025","0.0790680899803411","0.14817941150371","9"
"9 on Scale 1 to 10","2017","Schleswig-Holstein","no migration background","105","0.134714181664726","0.110424956847859","0.159003406481594","9"
"9 on Scale 1 to 10","2017","Schleswig-Holstein","indirect migration background","7","","","","9"
"9 on Scale 1 to 10","2017","Lower Saxony","indirect migration background","21","","","","9"
"9 on Scale 1 to 10","2017","Hamburg","direct migration background","12","","","","9"
"9 on Scale 1 to 10","2017","Hamburg","indirect migration background","10","","","","9"
"9 on Scale 1 to 10","2017","Lower Saxony","no migration background","254","0.111689683565832","0.0982434184167333","0.125135948714931","9"
"9 on Scale 1 to 10","2017","Rhineland-Palatinate,Saarland","no migration background","118","0.1002410910758","0.0820931988527734","0.118388983298828","9"
"9 on Scale 1 to 10","2017","Rhineland-Palatinate,Saarland","direct migration background","43","0.120733088902634","0.0873534934197934","0.154112684385474","9"
"9 on Scale 1 to 10","2017","Bremen","no migration background","17","","","","9"
"9 on Scale 1 to 10","2017","Bavaria","indirect migration background","34","0.106392765567758","0.0684734386560423","0.144312092479474","9"
"9 on Scale 1 to 10","2017","Berlin","no migration background","83","0.102235391792028","0.0809608000230119","0.123509983561043","9"
"9 on Scale 1 to 10","2017","Berlin","direct migration background","21","","","","9"
"9 on Scale 1 to 10","2017","Berlin","indirect migration background","7","","","","9"
"9 on Scale 1 to 10","2017","Brandenburg","no migration background","98","0.110931568169655","0.0906823958321065","0.131180740507203","9"
"9 on Scale 1 to 10","2017","Brandenburg","direct migration background","15","","","","9"
"9 on Scale 1 to 10","2017","Lower Saxony","direct migration background","53","0.126841520188046","0.0963630889731638","0.157319951402929","9"
"9 on Scale 1 to 10","2017","Bremen","direct migration background","9","","","","9"
"9 on Scale 1 to 10","2017","Bremen","indirect migration background","4","","","","9"
"9 on Scale 1 to 10","2017","North Rhine-Westphalia","no migration background","487","0.12014618888469","0.109820884481241","0.130471493288139","9"
"9 on Scale 1 to 10","2017","North Rhine-Westphalia","indirect migration background","43","0.0689835123068373","0.0469022361086493","0.0910647885050254","9"
"9 on Scale 1 to 10","2017","Hesse","no migration background","143","0.101094053037402","0.0844226096344497","0.117765496440354","9"
"9 on Scale 1 to 10","2017","Hesse","direct migration background","48","0.118111792077025","0.0855764341866552","0.150647149967394","9"
"9 on Scale 1 to 10","2017","Hesse","indirect migration background","11","","","","9"
"9 on Scale 1 to 10","2017","Rhineland-Palatinate,Saarland","indirect migration background","12","","","","9"
"9 on Scale 1 to 10","2017","Baden-Württemberg","no migration background","260","0.117912783924008","0.104194199365127","0.131631368482889","9"
"9 on Scale 1 to 10","2017","Baden-Württemberg","direct migration background","74","0.114139340681298","0.0890693460536351","0.139209335308962","9"
"9 on Scale 1 to 10","2017","Baden-Württemberg","indirect migration background","29","","","","9"
"9 on Scale 1 to 10","2017","Bavaria","no migration background","446","0.127330430957352","0.115678501604666","0.138982360310038","9"
"9 on Scale 1 to 10","2017","Bavaria","direct migration background","117","0.134235139656953","0.110670915058989","0.157799364254917","9"
"9 on Scale 1 to 10","2017","Brandenburg","indirect migration background","4","","","","9"
"9 on Scale 1 to 10","2017","Mecklenburg-Western Pomerania","no migration background","66","0.113894196309531","0.0874165660622829","0.14037182655678","9"
"9 on Scale 1 to 10","2017","Mecklenburg-Western Pomerania","direct migration background","2","","","","9"
"9 on Scale 1 to 10","2017","North Rhine-Westphalia","direct migration background","147","0.101627867465175","0.0845532957319926","0.118702439198358","9"
"9 on Scale 1 to 10","2017","Mecklenburg-Western Pomerania","indirect migration background","2","","","","9"
"9 on Scale 1 to 10","2017","Saxony","no migration background","201","0.127017236048487","0.110540515239519","0.143493956857454","9"
"9 on Scale 1 to 10","2017","Saxony","direct migration background","6","","","","9"
"9 on Scale 1 to 10","2017","Saxony","indirect migration background","2","","","","9"
"9 on Scale 1 to 10","2017","Saxony-Anhalt","no migration background","103","0.108262038260517","0.0874717182411656","0.129052358279869","9"
"9 on Scale 1 to 10","2017","Saxony-Anhalt","direct migration background","4","","","","9"
"9 on Scale 1 to 10","2017","Saxony-Anhalt","indirect migration background","2","","","","9"
"9 on Scale 1 to 10","2017","Thuringia","no migration background","104","0.131959706251389","0.1098482447555","0.154071167747278","9"
"9 on Scale 1 to 10","2017","Thuringia","direct migration background","10","","","","9"
"9 on Scale 1 to 10","2017","Thuringia","indirect migration background","2","","","","9"
"0 Completely dissatisfied","2018","Mecklenburg-Western Pomerania","indirect migration background","","","","","0"
"0 Completely dissatisfied","2018","Saxony","no migration background","6","","","","0"
"0 Completely dissatisfied","2018","Saxony","direct migration background","","","","","0"
"0 Completely dissatisfied","2018","Hesse","indirect migration background","4","","","","0"
"0 Completely dissatisfied","2018","Rhineland-Palatinate,Saarland","no migration background","6","","","","0"
"0 Completely dissatisfied","2018","Rhineland-Palatinate,Saarland","direct migration background","2","","","","0"
"0 Completely dissatisfied","2018","Rhineland-Palatinate,Saarland","indirect migration background","","","","","0"
"0 Completely dissatisfied","2018","Baden-Württemberg","no migration background","14","","","","0"
"0 Completely dissatisfied","2018","Baden-Württemberg","direct migration background","5","","","","0"
"0 Completely dissatisfied","2018","Baden-Württemberg","indirect migration background","2","","","","0"
"0 Completely dissatisfied","2018","Bavaria","no migration background","16","","","","0"
"0 Completely dissatisfied","2018","Bavaria","direct migration background","5","","","","0"
"0 Completely dissatisfied","2018","Bavaria","indirect migration background","4","","","","0"
"0 Completely dissatisfied","2018","Berlin","no migration background","11","","","","0"
"0 Completely dissatisfied","2018","Berlin","direct migration background","","","","","0"
"0 Completely dissatisfied","2018","Berlin","indirect migration background","1","","","","0"
"0 Completely dissatisfied","2018","Brandenburg","no migration background","9","","","","0"
"0 Completely dissatisfied","2018","Brandenburg","direct migration background","1","","","","0"
"0 Completely dissatisfied","2018","Brandenburg","indirect migration background","","","","","0"
"0 Completely dissatisfied","2018","Mecklenburg-Western Pomerania","no migration background","4","","","","0"
"0 Completely dissatisfied","2018","Mecklenburg-Western Pomerania","direct migration background","","","","","0"
"0 Completely dissatisfied","2018","Saxony","indirect migration background","","","","","0"
"0 Completely dissatisfied","2018","Saxony-Anhalt","no migration background","5","","","","0"
"0 Completely dissatisfied","2018","Saxony-Anhalt","direct migration background","1","","","","0"
"0 Completely dissatisfied","2018","Saxony-Anhalt","indirect migration background","","","","","0"
"0 Completely dissatisfied","2018","Thuringia","no migration background","12","","","","0"
"0 Completely dissatisfied","2018","Thuringia","direct migration background","","","","","0"
"0 Completely dissatisfied","2018","Thuringia","indirect migration background","","","","","0"
"0 Completely dissatisfied","2018","North Rhine-Westphalia","direct migration background","17","","","","0"
"0 Completely dissatisfied","2018","North Rhine-Westphalia","indirect migration background","4","","","","0"
"0 Completely dissatisfied","2018","Schleswig-Holstein","indirect migration background","","","","","0"
"0 Completely dissatisfied","2018","Lower Saxony","indirect migration background","1","","","","0"
"0 Completely dissatisfied","2018","Bremen","no migration background","1","","","","0"
"0 Completely dissatisfied","2018","Bremen","direct migration background","2","","","","0"
"0 Completely dissatisfied","2018","Bremen","indirect migration background","","","","","0"
"0 Completely dissatisfied","2018","North Rhine-Westphalia","no migration background","27","","","","0"
"0 Completely dissatisfied","2018","Hesse","no migration background","10","","","","0"
"0 Completely dissatisfied","2018","Hesse","direct migration background","3","","","","0"
"0 Completely dissatisfied","2018","Hamburg","no migration background","2","","","","0"
"0 Completely dissatisfied","2018","Hamburg","direct migration background","1","","","","0"
"0 Completely dissatisfied","2018","Hamburg","indirect migration background","1","","","","0"
"0 Completely dissatisfied","2018","Lower Saxony","no migration background","20","","","","0"
"0 Completely dissatisfied","2018","Lower Saxony","direct migration background","5","","","","0"
"0 Completely dissatisfied","2018","Schleswig-Holstein","direct migration background","2","","","","0"
"0 Completely dissatisfied","2018","Schleswig-Holstein","no migration background","6","","","","0"
"1 on Scale 1 to 10","2018","Schleswig-Holstein","no migration background","6","","","","1"
"1 on Scale 1 to 10","2018","Schleswig-Holstein","direct migration background","3","","","","1"
"1 on Scale 1 to 10","2018","Schleswig-Holstein","indirect migration background","1","","","","1"
"1 on Scale 1 to 10","2018","Hesse","indirect migration background","1","","","","1"
"1 on Scale 1 to 10","2018","Rhineland-Palatinate,Saarland","no migration background","14","","","","1"
"1 on Scale 1 to 10","2018","Rhineland-Palatinate,Saarland","direct migration background","3","","","","1"
"1 on Scale 1 to 10","2018","Rhineland-Palatinate,Saarland","indirect migration background","2","","","","1"
"1 on Scale 1 to 10","2018","Baden-Württemberg","no migration background","21","","","","1"
"1 on Scale 1 to 10","2018","Baden-Württemberg","direct migration background","5","","","","1"
"1 on Scale 1 to 10","2018","Baden-Württemberg","indirect migration background","2","","","","1"
"1 on Scale 1 to 10","2018","Bavaria","no migration background","35","0.0141352791305719","0.00990539808886369","0.0183651601722801","1"
"1 on Scale 1 to 10","2018","Bavaria","direct migration background","11","","","","1"
"1 on Scale 1 to 10","2018","Bavaria","indirect migration background","4","","","","1"
"1 on Scale 1 to 10","2018","Berlin","no migration background","13","","","","1"
"1 on Scale 1 to 10","2018","Berlin","direct migration background","1","","","","1"
"1 on Scale 1 to 10","2018","Berlin","indirect migration background","","","","","1"
"1 on Scale 1 to 10","2018","Lower Saxony","indirect migration background","","","","","1"
"1 on Scale 1 to 10","2018","Bremen","no migration background","1","","","","1"
"1 on Scale 1 to 10","2018","Bremen","direct migration background","1","","","","1"
"1 on Scale 1 to 10","2018","Bremen","indirect migration background","","","","","1"
"1 on Scale 1 to 10","2018","North Rhine-Westphalia","no migration background","51","0.015736068440474","0.0117211200079253","0.0197510168730227","1"
"1 on Scale 1 to 10","2018","North Rhine-Westphalia","direct migration background","18","","","","1"
"1 on Scale 1 to 10","2018","North Rhine-Westphalia","indirect migration background","3","","","","1"
"1 on Scale 1 to 10","2018","Hesse","no migration background","11","","","","1"
"1 on Scale 1 to 10","2018","Hesse","direct migration background","4","","","","1"
"1 on Scale 1 to 10","2018","Mecklenburg-Western Pomerania","indirect migration background","","","","","1"
"1 on Scale 1 to 10","2018","Saxony","no migration background","13","","","","1"
"1 on Scale 1 to 10","2018","Saxony","direct migration background","1","","","","1"
"1 on Scale 1 to 10","2018","Saxony","indirect migration background","","","","","1"
"1 on Scale 1 to 10","2018","Saxony-Anhalt","no migration background","9","","","","1"
"1 on Scale 1 to 10","2018","Saxony-Anhalt","direct migration background","","","","","1"
"1 on Scale 1 to 10","2018","Saxony-Anhalt","indirect migration background","","","","","1"
"1 on Scale 1 to 10","2018","Thuringia","no migration background","10","","","","1"
"1 on Scale 1 to 10","2018","Thuringia","direct migration background","","","","","1"
"1 on Scale 1 to 10","2018","Thuringia","indirect migration background","2","","","","1"
"1 on Scale 1 to 10","2018","Brandenburg","no migration background","12","","","","1"
"1 on Scale 1 to 10","2018","Brandenburg","direct migration background","1","","","","1"
"1 on Scale 1 to 10","2018","Brandenburg","indirect migration background","","","","","1"
"1 on Scale 1 to 10","2018","Hamburg","no migration background","4","","","","1"
"1 on Scale 1 to 10","2018","Hamburg","direct migration background","3","","","","1"
"1 on Scale 1 to 10","2018","Hamburg","indirect migration background","","","","","1"
"1 on Scale 1 to 10","2018","Lower Saxony","no migration background","16","","","","1"
"1 on Scale 1 to 10","2018","Lower Saxony","direct migration background","6","","","","1"
"1 on Scale 1 to 10","2018","Mecklenburg-Western Pomerania","no migration background","6","","","","1"
"1 on Scale 1 to 10","2018","Mecklenburg-Western Pomerania","direct migration background","","","","","1"
"10 Completely satisfied","2018","Schleswig-Holstein","no migration background","54","0.0578602549532631","0.0409925102992758","0.0747279996072504","10"
"10 Completely satisfied","2018","Schleswig-Holstein","direct migration background","17","","","","10"
"10 Completely satisfied","2018","Schleswig-Holstein","indirect migration background","4","","","","10"
"10 Completely satisfied","2018","Hamburg","no migration background","23","","","","10"
"10 Completely satisfied","2018","Hamburg","direct migration background","11","","","","10"
"10 Completely satisfied","2018","Hamburg","indirect migration background","6","","","","10"
"10 Completely satisfied","2018","Lower Saxony","no migration background","159","0.0852627939307234","0.0729117035103826","0.0976138843510643","10"
"10 Completely satisfied","2018","Lower Saxony","direct migration background","53","0.0809095430805661","0.0553421543120682","0.106476931849064","10"
"10 Completely satisfied","2018","Lower Saxony","indirect migration background","26","","","","10"
"10 Completely satisfied","2018","Bremen","no migration background","13","","","","10"
"10 Completely satisfied","2018","Bremen","direct migration background","9","","","","10"
"10 Completely satisfied","2018","Bremen","indirect migration background","3","","","","10"
"10 Completely satisfied","2018","North Rhine-Westphalia","no migration background","276","0.0810858171008198","0.0722796688099304","0.0898919653917092","10"
"10 Completely satisfied","2018","North Rhine-Westphalia","direct migration background","141","0.0920792574716036","0.0758146487095398","0.108343866233667","10"
"10 Completely satisfied","2018","North Rhine-Westphalia","indirect migration background","63","0.117996264231893","0.0903216114529799","0.145670917010807","10"
"10 Completely satisfied","2018","Hesse","no migration background","85","0.0685173604935928","0.0543470960937101","0.0826876248934755","10"
"10 Completely satisfied","2018","Hesse","direct migration background","42","0.121332659729628","0.0867278760296462","0.15593744342961","10"
"10 Completely satisfied","2018","Hesse","indirect migration background","16","","","","10"
"10 Completely satisfied","2018","Rhineland-Palatinate,Saarland","no migration background","111","0.0975885852737044","0.0796475072812765","0.115529663266132","10"
"10 Completely satisfied","2018","Rhineland-Palatinate,Saarland","direct migration background","37","0.0997077253609116","0.0675280142908704","0.131887436430953","10"
"10 Completely satisfied","2018","Rhineland-Palatinate,Saarland","indirect migration background","9","","","","10"
"10 Completely satisfied","2018","Baden-Württemberg","no migration background","196","0.104037678979182","0.090576136644026","0.117499221314337","10"
"10 Completely satisfied","2018","Baden-Württemberg","direct migration background","67","0.0811892217878542","0.0586283372207956","0.103750106354913","10"
"10 Completely satisfied","2018","Baden-Württemberg","indirect migration background","26","","","","10"
"10 Completely satisfied","2018","Bavaria","no migration background","277","0.0906266468020643","0.0803401767934439","0.100913116810685","10"
"10 Completely satisfied","2018","Bavaria","direct migration background","81","0.0919438790331822","0.0710546612481424","0.112833096818222","10"
"10 Completely satisfied","2018","Bavaria","indirect migration background","31","0.118108288765038","0.0793967638469947","0.156819813683081","10"
"10 Completely satisfied","2018","Berlin","no migration background","62","0.0776888270608461","0.0589275355449596","0.0964501185767325","10"
"10 Completely satisfied","2018","Berlin","direct migration background","11","","","","10"
"10 Completely satisfied","2018","Berlin","indirect migration background","11","","","","10"
"10 Completely satisfied","2018","Brandenburg","no migration background","64","0.059731218319791","0.0444341105777353","0.0750283260618467","10"
"10 Completely satisfied","2018","Brandenburg","direct migration background","25","","","","10"
"10 Completely satisfied","2018","Brandenburg","indirect migration background","3","","","","10"
"10 Completely satisfied","2018","Mecklenburg-Western Pomerania","no migration background","28","","","","10"
"10 Completely satisfied","2018","Mecklenburg-Western Pomerania","direct migration background","2","","","","10"
"10 Completely satisfied","2018","Mecklenburg-Western Pomerania","indirect migration background","1","","","","10"
"10 Completely satisfied","2018","Saxony","no migration background","117","0.0657366268477362","0.0533189388187007","0.0781543148767717","10"
"10 Completely satisfied","2018","Saxony","direct migration background","4","","","","10"
"10 Completely satisfied","2018","Saxony","indirect migration background","4","","","","10"
"10 Completely satisfied","2018","Saxony-Anhalt","no migration background","62","0.0726025147965098","0.0551069275033568","0.0900981020896629","10"
"10 Completely satisfied","2018","Saxony-Anhalt","direct migration background","6","","","","10"
"10 Completely satisfied","2018","Saxony-Anhalt","indirect migration background","6","","","","10"
"10 Completely satisfied","2018","Thuringia","no migration background","66","0.0815432807421599","0.0631672490265654","0.0999193124577544","10"
"10 Completely satisfied","2018","Thuringia","direct migration background","10","","","","10"
"10 Completely satisfied","2018","Thuringia","indirect migration background","3","","","","10"
"2 on Scale 1 to 10","2018","Bremen","indirect migration background","","","","","2"
"2 on Scale 1 to 10","2018","North Rhine-Westphalia","no migration background","139","0.040401604136369","0.0340494631376338","0.0467537451351041","2"
"2 on Scale 1 to 10","2018","Bremen","direct migration background","3","","","","2"
"2 on Scale 1 to 10","2018","Schleswig-Holstein","no migration background","13","","","","2"
"2 on Scale 1 to 10","2018","Schleswig-Holstein","direct migration background","2","","","","2"
"2 on Scale 1 to 10","2018","Schleswig-Holstein","indirect migration background","5","","","","2"
"2 on Scale 1 to 10","2018","Hamburg","no migration background","12","","","","2"
"2 on Scale 1 to 10","2018","Hamburg","direct migration background","5","","","","2"
"2 on Scale 1 to 10","2018","Hamburg","indirect migration background","2","","","","2"
"2 on Scale 1 to 10","2018","Lower Saxony","no migration background","47","0.0238764036312241","0.0171246869335603","0.0306281203288878","2"
"2 on Scale 1 to 10","2018","Lower Saxony","direct migration background","7","","","","2"
"2 on Scale 1 to 10","2018","Lower Saxony","indirect migration background","2","","","","2"
"2 on Scale 1 to 10","2018","Bremen","no migration background","4","","","","2"
"2 on Scale 1 to 10","2018","Hesse","indirect migration background","4","","","","2"
"2 on Scale 1 to 10","2018","Rhineland-Palatinate,Saarland","no migration background","33","0.0404514215052094","0.0285404520729403","0.0523623909374784","2"
"2 on Scale 1 to 10","2018","Rhineland-Palatinate,Saarland","direct migration background","9","","","","2"
"2 on Scale 1 to 10","2018","Rhineland-Palatinate,Saarland","indirect migration background","5","","","","2"
"2 on Scale 1 to 10","2018","Baden-Württemberg","no migration background","44","0.0255350211596452","0.0185798815849382","0.0324901607343521","2"
"2 on Scale 1 to 10","2018","Baden-Württemberg","direct migration background","17","","","","2"
"2 on Scale 1 to 10","2018","Baden-Württemberg","indirect migration background","4","","","","2"
"2 on Scale 1 to 10","2018","Bavaria","no migration background","77","0.0318208558650025","0.025531573603647","0.0381101381263581","2"
"2 on Scale 1 to 10","2018","Bavaria","direct migration background","20","","","","2"
"2 on Scale 1 to 10","2018","Bavaria","indirect migration background","8","","","","2"
"2 on Scale 1 to 10","2018","Berlin","no migration background","38","0.0510071001604949","0.0355868466722466","0.0664273536487432","2"
"2 on Scale 1 to 10","2018","Berlin","direct migration background","3","","","","2"
"2 on Scale 1 to 10","2018","Berlin","indirect migration background","4","","","","2"
"2 on Scale 1 to 10","2018","Brandenburg","no migration background","26","","","","2"
"2 on Scale 1 to 10","2018","Brandenburg","direct migration background","4","","","","2"
"2 on Scale 1 to 10","2018","Brandenburg","indirect migration background","","","","","2"
"2 on Scale 1 to 10","2018","Mecklenburg-Western Pomerania","no migration background","24","","","","2"
"2 on Scale 1 to 10","2018","Mecklenburg-Western Pomerania","direct migration background","1","","","","2"
"2 on Scale 1 to 10","2018","Mecklenburg-Western Pomerania","indirect migration background","","","","","2"
"2 on Scale 1 to 10","2018","Saxony","no migration background","27","","","","2"
"2 on Scale 1 to 10","2018","Saxony","direct migration background","2","","","","2"
"2 on Scale 1 to 10","2018","Saxony","indirect migration background","2","","","","2"
"2 on Scale 1 to 10","2018","Saxony-Anhalt","no migration background","37","0.0444755710027078","0.0305759998783615","0.0583751421270541","2"
"2 on Scale 1 to 10","2018","Saxony-Anhalt","direct migration background","2","","","","2"
"2 on Scale 1 to 10","2018","North Rhine-Westphalia","direct migration background","34","0.0387622891494174","0.0279040636582279","0.0496205146406069","2"
"2 on Scale 1 to 10","2018","North Rhine-Westphalia","indirect migration background","17","","","","2"
"2 on Scale 1 to 10","2018","Hesse","no migration background","44","0.0428313993179753","0.0314743473681935","0.054188451267757","2"
"2 on Scale 1 to 10","2018","Thuringia","no migration background","24","","","","2"
"2 on Scale 1 to 10","2018","Thuringia","indirect migration background","","","","","2"
"2 on Scale 1 to 10","2018","Hesse","direct migration background","7","","","","2"
"2 on Scale 1 to 10","2018","Thuringia","direct migration background","","","","","2"
"2 on Scale 1 to 10","2018","Saxony-Anhalt","indirect migration background","","","","","2"
"3 on Scale 1 to 10","2018","Hesse","indirect migration background","6","","","","3"
"3 on Scale 1 to 10","2018","Rhineland-Palatinate,Saarland","no migration background","59","0.0550761408884062","0.041284152222056","0.0688681295547564","3"
"3 on Scale 1 to 10","2018","Rhineland-Palatinate,Saarland","direct migration background","14","","","","3"
"3 on Scale 1 to 10","2018","Rhineland-Palatinate,Saarland","indirect migration background","5","","","","3"
"3 on Scale 1 to 10","2018","Baden-Württemberg","no migration background","102","0.059357325422958","0.0489388511968589","0.0697757996490571","3"
"3 on Scale 1 to 10","2018","Baden-Württemberg","direct migration background","38","0.0629254699382905","0.0428671666223515","0.0829837732542295","3"
"3 on Scale 1 to 10","2018","Baden-Württemberg","indirect migration background","16","","","","3"
"3 on Scale 1 to 10","2018","Bavaria","no migration background","173","0.0633558461039077","0.0546271784604101","0.0720845137474053","3"
"3 on Scale 1 to 10","2018","Bavaria","direct migration background","45","0.0627830008710539","0.045246395257672","0.0803196064844359","3"
"3 on Scale 1 to 10","2018","Bavaria","indirect migration background","14","","","","3"
"3 on Scale 1 to 10","2018","Berlin","no migration background","53","0.0669213214685618","0.0494072909794479","0.0844353519576757","3"
"3 on Scale 1 to 10","2018","Berlin","direct migration background","5","","","","3"
"3 on Scale 1 to 10","2018","Berlin","indirect migration background","2","","","","3"
"3 on Scale 1 to 10","2018","Brandenburg","no migration background","66","0.0727350269283058","0.0559718488008836","0.089498205055728","3"
"3 on Scale 1 to 10","2018","Brandenburg","direct migration background","4","","","","3"
"3 on Scale 1 to 10","2018","Brandenburg","indirect migration background","","","","","3"
"3 on Scale 1 to 10","2018","Mecklenburg-Western Pomerania","no migration background","31","0.0569360780853532","0.0378965448422321","0.0759756113284744","3"
"3 on Scale 1 to 10","2018","Mecklenburg-Western Pomerania","direct migration background","1","","","","3"
"3 on Scale 1 to 10","2018","Mecklenburg-Western Pomerania","indirect migration background","2","","","","3"
"3 on Scale 1 to 10","2018","Saxony","no migration background","93","0.0455382819970198","0.0350918025587665","0.055984761435273","3"
"3 on Scale 1 to 10","2018","Saxony","direct migration background","6","","","","3"
"3 on Scale 1 to 10","2018","Saxony","indirect migration background","1","","","","3"
"3 on Scale 1 to 10","2018","Saxony-Anhalt","no migration background","51","0.0547907062464129","0.0394467561495495","0.0701346563432762","3"
"3 on Scale 1 to 10","2018","Saxony-Anhalt","direct migration background","3","","","","3"
"3 on Scale 1 to 10","2018","Saxony-Anhalt","indirect migration background","2","","","","3"
"3 on Scale 1 to 10","2018","Thuringia","no migration background","51","0.0680068381132903","0.0511020026423809","0.0849116735841998","3"
"3 on Scale 1 to 10","2018","Lower Saxony","indirect migration background","10","","","","3"
"3 on Scale 1 to 10","2018","Bremen","no migration background","6","","","","3"
"3 on Scale 1 to 10","2018","Bremen","direct migration background","3","","","","3"
"3 on Scale 1 to 10","2018","Bremen","indirect migration background","1","","","","3"
"3 on Scale 1 to 10","2018","North Rhine-Westphalia","no migration background","257","0.0742795835856089","0.06581996622779","0.0827392009434279","3"
"3 on Scale 1 to 10","2018","North Rhine-Westphalia","direct migration background","73","0.0561441080737238","0.0431948857679377","0.0690933303795099","3"
"3 on Scale 1 to 10","2018","North Rhine-Westphalia","indirect migration background","30","0.0470061032287625","0.028849482398932","0.065162724058593","3"
"3 on Scale 1 to 10","2018","Hesse","no migration background","63","0.0487855933103052","0.0367025797122952","0.0608686069083152","3"
"3 on Scale 1 to 10","2018","Hesse","direct migration background","26","","","","3"
"3 on Scale 1 to 10","2018","Thuringia","direct migration background","4","","","","3"
"3 on Scale 1 to 10","2018","Thuringia","indirect migration background","1","","","","3"
"3 on Scale 1 to 10","2018","Hamburg","direct migration background","8","","","","3"
"3 on Scale 1 to 10","2018","Schleswig-Holstein","no migration background","34","0.0617681167498468","0.0443762396580363","0.0791599938416573","3"
"3 on Scale 1 to 10","2018","Schleswig-Holstein","direct migration background","11","","","","3"
"3 on Scale 1 to 10","2018","Hamburg","indirect migration background","3","","","","3"
"3 on Scale 1 to 10","2018","Lower Saxony","no migration background","113","0.0622188832596776","0.0515359824260687","0.0729017840932865","3"
"3 on Scale 1 to 10","2018","Lower Saxony","direct migration background","30","0.109194190389466","0.0799527568881102","0.138435623890823","3"
"3 on Scale 1 to 10","2018","Schleswig-Holstein","indirect migration background","3","","","","3"
"3 on Scale 1 to 10","2018","Hamburg","no migration background","16","","","","3"
"4 on Scale 1 to 10","2018","Schleswig-Holstein","no migration background","46","0.0489838340839021","0.0333908397439593","0.0645768284238449","4"
"4 on Scale 1 to 10","2018","Schleswig-Holstein","direct migration background","7","","","","4"
"4 on Scale 1 to 10","2018","Schleswig-Holstein","indirect migration background","3","","","","4"
"4 on Scale 1 to 10","2018","Hamburg","no migration background","15","","","","4"
"4 on Scale 1 to 10","2018","Bremen","direct migration background","4","","","","4"
"4 on Scale 1 to 10","2018","Bremen","indirect migration background","","","","","4"
"4 on Scale 1 to 10","2018","North Rhine-Westphalia","no migration background","275","0.0711102732150745","0.0628189409001682","0.0794016055299808","4"
"4 on Scale 1 to 10","2018","North Rhine-Westphalia","direct migration background","91","0.0694893964269094","0.0551853575892639","0.0837934352645549","4"
"4 on Scale 1 to 10","2018","Hesse","direct migration background","36","0.084082748602127","0.0546712869839541","0.1134942102203","4"
"4 on Scale 1 to 10","2018","Hesse","indirect migration background","10","","","","4"
"4 on Scale 1 to 10","2018","Rhineland-Palatinate,Saarland","no migration background","72","0.0677568789900348","0.0525623226646599","0.0829514353154097","4"
"4 on Scale 1 to 10","2018","Rhineland-Palatinate,Saarland","direct migration background","19","","","","4"
"4 on Scale 1 to 10","2018","Rhineland-Palatinate,Saarland","indirect migration background","11","","","","4"
"4 on Scale 1 to 10","2018","Baden-Württemberg","no migration background","138","0.0698613525672105","0.0586218533709014","0.0811008517635197","4"
"4 on Scale 1 to 10","2018","Hamburg","direct migration background","11","","","","4"
"4 on Scale 1 to 10","2018","Hamburg","indirect migration background","2","","","","4"
"4 on Scale 1 to 10","2018","Lower Saxony","no migration background","120","0.0643578989370441","0.0535053149427658","0.0752104829313223","4"
"4 on Scale 1 to 10","2018","Lower Saxony","direct migration background","18","","","","4"
"4 on Scale 1 to 10","2018","North Rhine-Westphalia","indirect migration background","31","0.0675768582644516","0.0460431730626216","0.0891105434662816","4"
"4 on Scale 1 to 10","2018","Hesse","no migration background","103","0.076003267866709","0.0611390654918565","0.0908674702415614","4"
"4 on Scale 1 to 10","2018","Baden-Württemberg","direct migration background","33","0.0523658505547402","0.0339649818732336","0.0707667192362468","4"
"4 on Scale 1 to 10","2018","Baden-Württemberg","indirect migration background","18","","","","4"
"4 on Scale 1 to 10","2018","Bavaria","no migration background","198","0.0679580522373195","0.0589401507379038","0.0769759537367352","4"
"4 on Scale 1 to 10","2018","Bavaria","direct migration background","43","0.0476112043391428","0.0322166846344861","0.0630057240437995","4"
"4 on Scale 1 to 10","2018","Lower Saxony","indirect migration background","9","","","","4"
"4 on Scale 1 to 10","2018","Bremen","no migration background","11","","","","4"
"4 on Scale 1 to 10","2018","Mecklenburg-Western Pomerania","indirect migration background","3","","","","4"
"4 on Scale 1 to 10","2018","Saxony","no migration background","107","0.0890524762508686","0.0747808962762311","0.103324056225506","4"
"4 on Scale 1 to 10","2018","Saxony","direct migration background","10","","","","4"
"4 on Scale 1 to 10","2018","Saxony","indirect migration background","4","","","","4"
"4 on Scale 1 to 10","2018","Saxony-Anhalt","no migration background","77","0.0945236692982431","0.0747981441697216","0.114249194426764","4"
"4 on Scale 1 to 10","2018","Saxony-Anhalt","direct migration background","4","","","","4"
"4 on Scale 1 to 10","2018","Saxony-Anhalt","indirect migration background","1","","","","4"
"4 on Scale 1 to 10","2018","Thuringia","no migration background","55","0.0659017013005368","0.0492417818473252","0.0825616207537484","4"
"4 on Scale 1 to 10","2018","Thuringia","direct migration background","3","","","","4"
"4 on Scale 1 to 10","2018","Bavaria","indirect migration background","19","","","","4"
"4 on Scale 1 to 10","2018","Berlin","no migration background","71","0.0735687195301911","0.0552709598957451","0.0918664791646371","4"
"4 on Scale 1 to 10","2018","Berlin","direct migration background","9","","","","4"
"4 on Scale 1 to 10","2018","Berlin","indirect migration background","4","","","","4"
"4 on Scale 1 to 10","2018","Brandenburg","no migration background","89","0.122675174392179","0.101499308305603","0.143851040478755","4"
"4 on Scale 1 to 10","2018","Brandenburg","direct migration background","6","","","","4"
"4 on Scale 1 to 10","2018","Brandenburg","indirect migration background","2","","","","4"
"4 on Scale 1 to 10","2018","Mecklenburg-Western Pomerania","no migration background","43","0.0671031829343106","0.0465452083954226","0.0876611574731986","4"
"4 on Scale 1 to 10","2018","Mecklenburg-Western Pomerania","direct migration background","","","","","4"
"4 on Scale 1 to 10","2018","Thuringia","indirect migration background","","","","","4"
"5 on Scale 1 to 10","2018","Schleswig-Holstein","no migration background","82","0.121973177667859","0.0983305771274911","0.145615778208226","5"
"5 on Scale 1 to 10","2018","Schleswig-Holstein","direct migration background","12","","","","5"
"5 on Scale 1 to 10","2018","Schleswig-Holstein","indirect migration background","6","","","","5"
"5 on Scale 1 to 10","2018","Hamburg","no migration background","33","0.131272601573694","0.0945583046409563","0.167986898506431","5"
"5 on Scale 1 to 10","2018","Hamburg","direct migration background","12","","","","5"
"5 on Scale 1 to 10","2018","Hamburg","indirect migration background","3","","","","5"
"5 on Scale 1 to 10","2018","Lower Saxony","no migration background","228","0.118782843435929","0.104474291642765","0.133091395229094","5"
"5 on Scale 1 to 10","2018","Lower Saxony","direct migration background","62","0.17138013983114","0.136048378503844","0.206711901158436","5"
"5 on Scale 1 to 10","2018","Lower Saxony","indirect migration background","19","","","","5"
"5 on Scale 1 to 10","2018","Hesse","indirect migration background","21","","","","5"
"5 on Scale 1 to 10","2018","Rhineland-Palatinate,Saarland","no migration background","163","0.156428474503028","0.134466792746521","0.178390156259535","5"
"5 on Scale 1 to 10","2018","Rhineland-Palatinate,Saarland","direct migration background","45","0.15325538331442","0.114564373411118","0.191946393217722","5"
"5 on Scale 1 to 10","2018","Rhineland-Palatinate,Saarland","indirect migration background","8","","","","5"
"5 on Scale 1 to 10","2018","Baden-Württemberg","no migration background","204","0.108376979773135","0.0946708834609734","0.122083076085297","5"
"5 on Scale 1 to 10","2018","Baden-Württemberg","direct migration background","63","0.113704462844262","0.0874820934944957","0.139926832194029","5"
"5 on Scale 1 to 10","2018","Baden-Württemberg","indirect migration background","32","0.123646756708092","0.0830848096228803","0.164208703793303","5"
"5 on Scale 1 to 10","2018","Bavaria","no migration background","324","0.120597760370142","0.108928839323254","0.132266681417031","5"
"5 on Scale 1 to 10","2018","Bavaria","direct migration background","78","0.165743743538698","0.138861053196643","0.192626433880754","5"
"5 on Scale 1 to 10","2018","Bavaria","indirect migration background","32","0.106965026832136","0.0698928919882921","0.144037161675981","5"
"5 on Scale 1 to 10","2018","Berlin","no migration background","87","0.104052356296444","0.0826524441713999","0.125452268421488","5"
"5 on Scale 1 to 10","2018","Berlin","direct migration background","23","","","","5"
"5 on Scale 1 to 10","2018","Berlin","indirect migration background","10","","","","5"
"5 on Scale 1 to 10","2018","Brandenburg","no migration background","110","0.127972539901805","0.106409692680479","0.149535387123131","5"
"5 on Scale 1 to 10","2018","Brandenburg","direct migration background","7","","","","5"
"5 on Scale 1 to 10","2018","Brandenburg","indirect migration background","3","","","","5"
"5 on Scale 1 to 10","2018","Mecklenburg-Western Pomerania","no migration background","78","0.149848482312031","0.120521572784186","0.179175391839875","5"
"5 on Scale 1 to 10","2018","Mecklenburg-Western Pomerania","direct migration background","","","","","5"
"5 on Scale 1 to 10","2018","Mecklenburg-Western Pomerania","indirect migration background","1","","","","5"
"5 on Scale 1 to 10","2018","Saxony","no migration background","183","0.121901499098661","0.105507741218444","0.138295256978878","5"
"5 on Scale 1 to 10","2018","Saxony","direct migration background","7","","","","5"
"5 on Scale 1 to 10","2018","Saxony","indirect migration background","5","","","","5"
"5 on Scale 1 to 10","2018","Saxony-Anhalt","no migration background","112","0.17052855121214","0.145170317006399","0.195886785417881","5"
"5 on Scale 1 to 10","2018","Saxony-Anhalt","direct migration background","7","","","","5"
"5 on Scale 1 to 10","2018","Saxony-Anhalt","indirect migration background","3","","","","5"
"5 on Scale 1 to 10","2018","Thuringia","no migration background","102","0.109902270972914","0.0889007632953538","0.130903778650474","5"
"5 on Scale 1 to 10","2018","Thuringia","direct migration background","10","","","","5"
"5 on Scale 1 to 10","2018","Thuringia","indirect migration background","4","","","","5"
"5 on Scale 1 to 10","2018","North Rhine-Westphalia","no migration background","433","0.124171691649823","0.113532788473497","0.13481059482615","5"
"5 on Scale 1 to 10","2018","Bremen","no migration background","14","","","","5"
"5 on Scale 1 to 10","2018","Bremen","direct migration background","11","","","","5"
"5 on Scale 1 to 10","2018","Bremen","indirect migration background","","","","","5"
"5 on Scale 1 to 10","2018","North Rhine-Westphalia","direct migration background","154","0.15257310130739","0.132346223202501","0.172799979412279","5"
"5 on Scale 1 to 10","2018","North Rhine-Westphalia","indirect migration background","69","0.117650747284004","0.0900112305282947","0.145290264039712","5"
"5 on Scale 1 to 10","2018","Hesse","no migration background","150","0.136207792107696","0.116968199282378","0.155447384933014","5"
"5 on Scale 1 to 10","2018","Hesse","direct migration background","41","0.098677845082776","0.0670707276808271","0.130284962484725","5"
"6 on Scale 1 to 10","2018","Schleswig-Holstein","no migration background","94","0.114032364424022","0.091069176644729","0.136995552203315","6"
"6 on Scale 1 to 10","2018","Schleswig-Holstein","direct migration background","10","","","","6"
"6 on Scale 1 to 10","2018","Schleswig-Holstein","indirect migration background","6","","","","6"
"6 on Scale 1 to 10","2018","Hamburg","no migration background","43","0.127785171003662","0.091489203886097","0.164081138121226","6"
"6 on Scale 1 to 10","2018","Hamburg","direct migration background","6","","","","6"
"6 on Scale 1 to 10","2018","Hamburg","indirect migration background","6","","","","6"
"6 on Scale 1 to 10","2018","Lower Saxony","no migration background","236","0.109118156435766","0.0953290566871492","0.122907256184383","6"
"6 on Scale 1 to 10","2018","Lower Saxony","direct migration background","52","0.111486082127967","0.0819773998122891","0.140994764443644","6"
"6 on Scale 1 to 10","2018","Lower Saxony","indirect migration background","8","","","","6"
"6 on Scale 1 to 10","2018","Bremen","no migration background","17","","","","6"
"6 on Scale 1 to 10","2018","Bremen","direct migration background","6","","","","6"
"6 on Scale 1 to 10","2018","Bremen","indirect migration background","1","","","","6"
"6 on Scale 1 to 10","2018","North Rhine-Westphalia","no migration background","437","0.117961873631285","0.107555711730376","0.128368035532193","6"
"6 on Scale 1 to 10","2018","North Rhine-Westphalia","direct migration background","137","0.131525098743069","0.112513365943117","0.150536831543021","6"
"6 on Scale 1 to 10","2018","North Rhine-Westphalia","indirect migration background","51","0.108621797219447","0.0819284929692455","0.135315101469648","6"
"6 on Scale 1 to 10","2018","Hesse","no migration background","164","0.124813028223913","0.106274696840046","0.14335135960778","6"
"6 on Scale 1 to 10","2018","Hesse","direct migration background","38","0.155817390271535","0.117379353155204","0.194255427387865","6"
"6 on Scale 1 to 10","2018","Hesse","indirect migration background","14","","","","6"
"6 on Scale 1 to 10","2018","Rhineland-Palatinate,Saarland","no migration background","110","0.0991215108006028","0.0810554362506758","0.11718758535053","6"
"6 on Scale 1 to 10","2018","Rhineland-Palatinate,Saarland","direct migration background","37","0.117006047964499","0.0824830109343137","0.151529084994684","6"
"6 on Scale 1 to 10","2018","Rhineland-Palatinate,Saarland","indirect migration background","14","","","","6"
"6 on Scale 1 to 10","2018","Baden-Württemberg","no migration background","229","0.107161033234189","0.0935227522064945","0.120799314261883","6"
"6 on Scale 1 to 10","2018","Baden-Württemberg","direct migration background","62","0.126116083706147","0.098693649397339","0.153538518014955","6"
"6 on Scale 1 to 10","2018","Baden-Württemberg","indirect migration background","30","0.126530975268982","0.0855662532239608","0.167495697314002","6"
"6 on Scale 1 to 10","2018","Bavaria","no migration background","338","0.115861716982786","0.1043934611018","0.127329972863772","6"
"6 on Scale 1 to 10","2018","Bavaria","direct migration background","84","0.106616445356209","0.0843045996607439","0.128928291051675","6"
"6 on Scale 1 to 10","2018","Bavaria","indirect migration background","31","0.104642083083331","0.0679270446128585","0.141357121553804","6"
"6 on Scale 1 to 10","2018","Berlin","no migration background","76","0.0809508989077987","0.0618336713535611","0.100068126462036","6"
"6 on Scale 1 to 10","2018","Berlin","direct migration background","20","","","","6"
"6 on Scale 1 to 10","2018","Berlin","indirect migration background","7","","","","6"
"6 on Scale 1 to 10","2018","Brandenburg","no migration background","117","0.110397264591756","0.0901689433651343","0.130625585818377","6"
"6 on Scale 1 to 10","2018","Brandenburg","direct migration background","10","","","","6"
"6 on Scale 1 to 10","2018","Brandenburg","indirect migration background","2","","","","6"
"6 on Scale 1 to 10","2018","Mecklenburg-Western Pomerania","no migration background","60","0.0876744533328567","0.0644362038910235","0.11091270277469","6"
"6 on Scale 1 to 10","2018","Mecklenburg-Western Pomerania","direct migration background","3","","","","6"
"6 on Scale 1 to 10","2018","Mecklenburg-Western Pomerania","indirect migration background","1","","","","6"
"6 on Scale 1 to 10","2018","Saxony","no migration background","189","0.131548062998782","0.114611803533337","0.148484322464227","6"
"6 on Scale 1 to 10","2018","Saxony","direct migration background","7","","","","6"
"6 on Scale 1 to 10","2018","Saxony","indirect migration background","4","","","","6"
"6 on Scale 1 to 10","2018","Saxony-Anhalt","no migration background","106","0.13648611796333","0.113338908634795","0.159633327291866","6"
"6 on Scale 1 to 10","2018","Saxony-Anhalt","direct migration background","1","","","","6"
"6 on Scale 1 to 10","2018","Saxony-Anhalt","indirect migration background","1","","","","6"
"6 on Scale 1 to 10","2018","Thuringia","no migration background","109","0.12585826357131","0.103586218867209","0.148130308275412","6"
"6 on Scale 1 to 10","2018","Thuringia","direct migration background","5","","","","6"
"6 on Scale 1 to 10","2018","Thuringia","indirect migration background","4","","","","6"
"7 on Scale 1 to 10","2018","Hesse","indirect migration background","21","","","","7"
"7 on Scale 1 to 10","2018","Rhineland-Palatinate,Saarland","no migration background","179","0.154535302365507","0.132682440260095","0.176388164470918","7"
"7 on Scale 1 to 10","2018","Rhineland-Palatinate,Saarland","direct migration background","55","0.266622180582743","0.219128262626161","0.314116098539326","7"
"7 on Scale 1 to 10","2018","Rhineland-Palatinate,Saarland","indirect migration background","19","","","","7"
"7 on Scale 1 to 10","2018","Baden-Württemberg","no migration background","339","0.179381646434852","0.16246500138958","0.196298291480124","7"
"7 on Scale 1 to 10","2018","Lower Saxony","indirect migration background","24","","","","7"
"7 on Scale 1 to 10","2018","Bremen","no migration background","22","","","","7"
"7 on Scale 1 to 10","2018","Bremen","direct migration background","10","","","","7"
"7 on Scale 1 to 10","2018","Bremen","indirect migration background","2","","","","7"
"7 on Scale 1 to 10","2018","Mecklenburg-Western Pomerania","indirect migration background","3","","","","7"
"7 on Scale 1 to 10","2018","Saxony","no migration background","274","0.179004343210706","0.159795350592084","0.198213335829329","7"
"7 on Scale 1 to 10","2018","Saxony","direct migration background","8","","","","7"
"7 on Scale 1 to 10","2018","Saxony","indirect migration background","7","","","","7"
"7 on Scale 1 to 10","2018","Saxony-Anhalt","no migration background","142","0.152056602441902","0.127845988131543","0.176267216752261","7"
"7 on Scale 1 to 10","2018","Schleswig-Holstein","no migration background","123","0.17133524822657","0.144113126232796","0.198557370220343","7"
"7 on Scale 1 to 10","2018","Schleswig-Holstein","direct migration background","26","","","","7"
"7 on Scale 1 to 10","2018","Schleswig-Holstein","indirect migration background","4","","","","7"
"7 on Scale 1 to 10","2018","Hamburg","no migration background","71","0.205845383786397","0.16188823559568","0.249802531977113","7"
"7 on Scale 1 to 10","2018","Hamburg","direct migration background","25","","","","7"
"7 on Scale 1 to 10","2018","Hamburg","indirect migration background","10","","","","7"
"7 on Scale 1 to 10","2018","Lower Saxony","no migration background","325","0.148158200795724","0.13244662769589","0.163869773895557","7"
"7 on Scale 1 to 10","2018","Lower Saxony","direct migration background","71","0.107281672813516","0.078266352701545","0.136296992925487","7"
"7 on Scale 1 to 10","2018","North Rhine-Westphalia","no migration background","659","0.165300455045434","0.153317106774775","0.177283803316093","7"
"7 on Scale 1 to 10","2018","North Rhine-Westphalia","direct migration background","210","0.16235623168896","0.141611734632843","0.183100728745076","7"
"7 on Scale 1 to 10","2018","North Rhine-Westphalia","indirect migration background","99","0.165324279205455","0.133457362228419","0.197191196182491","7"
"7 on Scale 1 to 10","2018","Hesse","no migration background","203","0.178930181698927","0.15743099136211","0.200429372035744","7"
"7 on Scale 1 to 10","2018","Hesse","direct migration background","58","0.0899012290152927","0.0595859118424622","0.120216546188123","7"
"7 on Scale 1 to 10","2018","Baden-Württemberg","direct migration background","105","0.200125318811328","0.167076504191074","0.233174133431582","7"
"7 on Scale 1 to 10","2018","Baden-Württemberg","indirect migration background","39","0.141998873869272","0.0989884017797913","0.185009345958754","7"
"7 on Scale 1 to 10","2018","Bavaria","no migration background","516","0.165184956328358","0.151878951516727","0.178490961139988","7"
"7 on Scale 1 to 10","2018","Bavaria","direct migration background","92","0.116854605192505","0.0936302619223461","0.140078948462664","7"
"7 on Scale 1 to 10","2018","Bavaria","indirect migration background","40","0.136049175319368","0.0949261621430212","0.177172188495714","7"
"7 on Scale 1 to 10","2018","Berlin","no migration background","125","0.184717353406169","0.157518370604195","0.211916336208143","7"
"7 on Scale 1 to 10","2018","Berlin","direct migration background","34","0.175059136151074","0.114646178773072","0.235472093529077","7"
"7 on Scale 1 to 10","2018","Berlin","indirect migration background","8","","","","7"
"7 on Scale 1 to 10","2018","Brandenburg","no migration background","149","0.161741500480966","0.137974063711281","0.185508937250651","7"
"7 on Scale 1 to 10","2018","Brandenburg","direct migration background","14","","","","7"
"7 on Scale 1 to 10","2018","Brandenburg","indirect migration background","3","","","","7"
"7 on Scale 1 to 10","2018","Mecklenburg-Western Pomerania","no migration background","108","0.21599075648917","0.182178813181224","0.249802699797116","7"
"7 on Scale 1 to 10","2018","Mecklenburg-Western Pomerania","direct migration background","4","","","","7"
"7 on Scale 1 to 10","2018","Saxony-Anhalt","direct migration background","6","","","","7"
"7 on Scale 1 to 10","2018","Saxony-Anhalt","indirect migration background","5","","","","7"
"7 on Scale 1 to 10","2018","Thuringia","no migration background","150","0.174912742079713","0.149404004980382","0.200421479179043","7"
"7 on Scale 1 to 10","2018","Thuringia","direct migration background","15","","","","7"
"7 on Scale 1 to 10","2018","Thuringia","indirect migration background","2","","","","7"
"8 on Scale 1 to 10","2018","Mecklenburg-Western Pomerania","indirect migration background","1","","","","8"
"8 on Scale 1 to 10","2018","Saxony","no migration background","345","0.22842545701349","0.207389437161573","0.249461476865407","8"
"8 on Scale 1 to 10","2018","Saxony","direct migration background","15","","","","8"
"8 on Scale 1 to 10","2018","Saxony","indirect migration background","4","","","","8"
"8 on Scale 1 to 10","2018","Saxony-Anhalt","no migration background","163","0.183574236986183","0.157471625891612","0.209676848080753","8"
"8 on Scale 1 to 10","2018","Saxony-Anhalt","direct migration background","11","","","","8"
"8 on Scale 1 to 10","2018","Saxony-Anhalt","indirect migration background","2","","","","8"
"8 on Scale 1 to 10","2018","Schleswig-Holstein","no migration background","192","0.263528570716948","0.231701183425748","0.295355958008148","8"
"8 on Scale 1 to 10","2018","Schleswig-Holstein","direct migration background","35","0.179977043018494","0.116566700919625","0.243387385117364","8"
"8 on Scale 1 to 10","2018","Schleswig-Holstein","indirect migration background","12","","","","8"
"8 on Scale 1 to 10","2018","Hamburg","no migration background","66","0.196788561766655","0.153564927618366","0.240012195914944","8"
"8 on Scale 1 to 10","2018","Hamburg","direct migration background","19","","","","8"
"8 on Scale 1 to 10","2018","Hamburg","indirect migration background","14","","","","8"
"8 on Scale 1 to 10","2018","Lower Saxony","no migration background","457","0.246560907653465","0.227499124078552","0.265622691228378","8"
"8 on Scale 1 to 10","2018","Lower Saxony","direct migration background","83","0.228019986335305","0.188683382808355","0.267356589862255","8"
"8 on Scale 1 to 10","2018","Lower Saxony","indirect migration background","22","","","","8"
"8 on Scale 1 to 10","2018","Bremen","no migration background","38","0.30646815324663","0.231940867691964","0.380995438801296","8"
"8 on Scale 1 to 10","2018","Bremen","direct migration background","12","","","","8"
"8 on Scale 1 to 10","2018","Bremen","indirect migration background","4","","","","8"
"8 on Scale 1 to 10","2018","North Rhine-Westphalia","no migration background","725","0.196360472542557","0.183545025878066","0.209175919207049","8"
"8 on Scale 1 to 10","2018","North Rhine-Westphalia","direct migration background","214","0.177015849492746","0.155545428501665","0.198486270483826","8"
"8 on Scale 1 to 10","2018","North Rhine-Westphalia","indirect migration background","100","0.246846966288906","0.209858327306987","0.283835605270824","8"
"8 on Scale 1 to 10","2018","Hesse","no migration background","237","0.196473441920338","0.174186919658581","0.218759964182095","8"
"8 on Scale 1 to 10","2018","Hesse","direct migration background","56","0.170236838979644","0.130404217798832","0.210069460160456","8"
"8 on Scale 1 to 10","2018","Hesse","indirect migration background","30","0.267103185248801","0.193813134261833","0.340393236235769","8"
"8 on Scale 1 to 10","2018","Rhineland-Palatinate,Saarland","no migration background","195","0.209899840134267","0.185279510586575","0.234520169681958","8"
"8 on Scale 1 to 10","2018","Rhineland-Palatinate,Saarland","direct migration background","67","0.137592653429224","0.100594519429508","0.174590787428939","8"
"8 on Scale 1 to 10","2018","Rhineland-Palatinate,Saarland","indirect migration background","15","","","","8"
"8 on Scale 1 to 10","2018","Baden-Württemberg","no migration background","433","0.203782354322454","0.186021910772761","0.221542797872146","8"
"8 on Scale 1 to 10","2018","Baden-Württemberg","direct migration background","98","0.15738623656176","0.127305286875983","0.187467186247536","8"
"8 on Scale 1 to 10","2018","Baden-Württemberg","indirect migration background","50","0.175401820823176","0.128539254844765","0.222264386801587","8"
"8 on Scale 1 to 10","2018","Bavaria","no migration background","617","0.188119929530009","0.174116621550944","0.202123237509074","8"
"8 on Scale 1 to 10","2018","Bavaria","direct migration background","175","0.226245143538444","0.19599720734474","0.256493079732147","8"
"8 on Scale 1 to 10","2018","Bavaria","indirect migration background","45","0.130084386953602","0.0897343803247951","0.170434393582408","8"
"8 on Scale 1 to 10","2018","Berlin","no migration background","150","0.189277269577732","0.161821721321866","0.216732817833597","8"
"8 on Scale 1 to 10","2018","Berlin","direct migration background","27","","","","8"
"8 on Scale 1 to 10","2018","Berlin","indirect migration background","12","","","","8"
"8 on Scale 1 to 10","2018","Brandenburg","no migration background","182","0.208090317051754","0.181887596023843","0.234293038079665","8"
"8 on Scale 1 to 10","2018","Brandenburg","direct migration background","14","","","","8"
"8 on Scale 1 to 10","2018","Brandenburg","indirect migration background","5","","","","8"
"8 on Scale 1 to 10","2018","Mecklenburg-Western Pomerania","no migration background","123","0.212191958618462","0.178597579165313","0.24578633807161","8"
"8 on Scale 1 to 10","2018","Mecklenburg-Western Pomerania","direct migration background","4","","","","8"
"8 on Scale 1 to 10","2018","Thuringia","no migration background","189","0.230477774065989","0.202199467193064","0.258756080938915","8"
"8 on Scale 1 to 10","2018","Thuringia","direct migration background","16","","","","8"
"8 on Scale 1 to 10","2018","Thuringia","indirect migration background","3","","","","8"
"9 on Scale 1 to 10","2018","Schleswig-Holstein","indirect migration background","5","","","","9"
"9 on Scale 1 to 10","2018","Schleswig-Holstein","direct migration background","16","","","","9"
"9 on Scale 1 to 10","2018","Schleswig-Holstein","no migration background","86","0.128979225858947","0.104764289977093","0.153194161740801","9"
"9 on Scale 1 to 10","2018","Hamburg","no migration background","40","0.0681955903714961","0.0407895093113099","0.0956016714316823","9"
"9 on Scale 1 to 10","2018","Hamburg","direct migration background","10","","","","9"
"9 on Scale 1 to 10","2018","Hamburg","indirect migration background","4","","","","9"
"9 on Scale 1 to 10","2018","Lower Saxony","no migration background","243","0.117247850741054","0.103019676128848","0.131476025353259","9"
"9 on Scale 1 to 10","2018","Hesse","indirect migration background","13","","","","9"
"9 on Scale 1 to 10","2018","Rhineland-Palatinate,Saarland","no migration background","109","0.103578089866159","0.0851560841245756","0.122000095607743","9"
"9 on Scale 1 to 10","2018","Rhineland-Palatinate,Saarland","direct migration background","45","0.0844152944988496","0.0545555691394976","0.114275019858202","9"
"9 on Scale 1 to 10","2018","Rhineland-Palatinate,Saarland","indirect migration background","7","","","","9"
"9 on Scale 1 to 10","2018","Baden-Württemberg","no migration background","256","0.124507850727912","0.109950608215541","0.139065093240283","9"
"9 on Scale 1 to 10","2018","Baden-Württemberg","direct migration background","70","0.135932469177546","0.107623155574002","0.16424178278109","9"
"9 on Scale 1 to 10","2018","Baden-Württemberg","indirect migration background","34","0.136923426651815","0.0945638730834631","0.179282980220167","9"
"9 on Scale 1 to 10","2018","Bavaria","no migration background","421","0.135091728559894","0.122843685599222","0.147339771520566","9"
"9 on Scale 1 to 10","2018","Bavaria","direct migration background","101","0.128882165251251","0.104658531810353","0.15310579869215","9"
"9 on Scale 1 to 10","2018","Bavaria","indirect migration background","39","0.186545838171136","0.139820571866651","0.233271104475622","9"
"9 on Scale 1 to 10","2018","Berlin","no migration background","96","0.122064455557423","0.0991203760000877","0.145008535114759","9"
"9 on Scale 1 to 10","2018","Berlin","direct migration background","19","","","","9"
"9 on Scale 1 to 10","2018","Berlin","indirect migration background","3","","","","9"
"9 on Scale 1 to 10","2018","Brandenburg","no migration background","98","0.0990521493731661","0.079769601901958","0.118334696844374","9"
"9 on Scale 1 to 10","2018","Brandenburg","direct migration background","7","","","","9"
"9 on Scale 1 to 10","2018","Brandenburg","indirect migration background","2","","","","9"
"9 on Scale 1 to 10","2018","Mecklenburg-Western Pomerania","no migration background","64","0.102145636023685","0.0772625170971418","0.127028754950229","9"
"9 on Scale 1 to 10","2018","Mecklenburg-Western Pomerania","direct migration background","2","","","","9"
"9 on Scale 1 to 10","2018","Lower Saxony","indirect migration background","19","","","","9"
"9 on Scale 1 to 10","2018","Bremen","no migration background","20","","","","9"
"9 on Scale 1 to 10","2018","Bremen","direct migration background","6","","","","9"
"9 on Scale 1 to 10","2018","Bremen","indirect migration background","1","","","","9"
"9 on Scale 1 to 10","2018","North Rhine-Westphalia","no migration background","412","0.105371893680826","0.0954667739396535","0.115277013421998","9"
"9 on Scale 1 to 10","2018","North Rhine-Westphalia","direct migration background","125","0.094618272469153","0.0781540161927287","0.111082528745577","9"
"9 on Scale 1 to 10","2018","North Rhine-Westphalia","indirect migration background","55","0.0798545004808056","0.0566008686904104","0.103108132271201","9"
"9 on Scale 1 to 10","2018","Hesse","no migration background","151","0.10113731693678","0.0842254073386543","0.118049226534907","9"
"9 on Scale 1 to 10","2018","Hesse","direct migration background","31","0.085631040422867","0.0559751215054873","0.115286959340247","9"
"9 on Scale 1 to 10","2018","Mecklenburg-Western Pomerania","indirect migration background","","","","","9"
"9 on Scale 1 to 10","2018","Saxony","no migration background","176","0.103684551007363","0.0884092477025273","0.118959854312199","9"
"9 on Scale 1 to 10","2018","Saxony","direct migration background","7","","","","9"
"9 on Scale 1 to 10","2018","Saxony","indirect migration background","3","","","","9"
"9 on Scale 1 to 10","2018","Saxony-Anhalt","no migration background","81","0.0749528916195571","0.0571989062517305","0.0927068769873838","9"
"9 on Scale 1 to 10","2018","Saxony-Anhalt","direct migration background","8","","","","9"
"9 on Scale 1 to 10","2018","Saxony-Anhalt","indirect migration background","2","","","","9"
"9 on Scale 1 to 10","2018","Thuringia","no migration background","84","0.0875086870316463","0.068534278506772","0.106483095556521","9"
"9 on Scale 1 to 10","2018","Thuringia","direct migration background","6","","","","9"
"9 on Scale 1 to 10","2018","Thuringia","indirect migration background","1","","","","9"
"9 on Scale 1 to 10","2018","Lower Saxony","direct migration background","50","0.110095576697038","0.0807485578739263","0.13944259552015","9"
"0 Completely dissatisfied","2019","Bavaria","direct migration background","7","","","","0"
"0 Completely dissatisfied","2019","Bavaria","indirect migration background","3","","","","0"
"0 Completely dissatisfied","2019","Berlin","no migration background","8","","","","0"
"0 Completely dissatisfied","2019","Mecklenburg-Western Pomerania","indirect migration background","","","","","0"
"0 Completely dissatisfied","2019","Saxony","no migration background","7","","","","0"
"0 Completely dissatisfied","2019","Saxony","direct migration background","1","","","","0"
"0 Completely dissatisfied","2019","Hesse","indirect migration background","2","","","","0"
"0 Completely dissatisfied","2019","Rhineland-Palatinate,Saarland","no migration background","8","","","","0"
"0 Completely dissatisfied","2019","Rhineland-Palatinate,Saarland","direct migration background","1","","","","0"
"0 Completely dissatisfied","2019","Rhineland-Palatinate,Saarland","indirect migration background","1","","","","0"
"0 Completely dissatisfied","2019","Baden-Württemberg","no migration background","11","","","","0"
"0 Completely dissatisfied","2019","Baden-Württemberg","direct migration background","","","","","0"
"0 Completely dissatisfied","2019","Baden-Württemberg","indirect migration background","1","","","","0"
"0 Completely dissatisfied","2019","Bavaria","no migration background","23","","","","0"
"0 Completely dissatisfied","2019","Berlin","direct migration background","1","","","","0"
"0 Completely dissatisfied","2019","Berlin","indirect migration background","1","","","","0"
"0 Completely dissatisfied","2019","Brandenburg","no migration background","14","","","","0"
"0 Completely dissatisfied","2019","Brandenburg","direct migration background","3","","","","0"
"0 Completely dissatisfied","2019","Brandenburg","indirect migration background","","","","","0"
"0 Completely dissatisfied","2019","Mecklenburg-Western Pomerania","no migration background","","","","","0"
"0 Completely dissatisfied","2019","Mecklenburg-Western Pomerania","direct migration background","","","","","0"
"0 Completely dissatisfied","2019","Saxony","indirect migration background","1","","","","0"
"0 Completely dissatisfied","2019","Saxony-Anhalt","no migration background","3","","","","0"
"0 Completely dissatisfied","2019","Saxony-Anhalt","direct migration background","","","","","0"
"0 Completely dissatisfied","2019","Saxony-Anhalt","indirect migration background","","","","","0"
"0 Completely dissatisfied","2019","Thuringia","no migration background","4","","","","0"
"0 Completely dissatisfied","2019","Thuringia","direct migration background","","","","","0"
"0 Completely dissatisfied","2019","Thuringia","indirect migration background","1","","","","0"
"0 Completely dissatisfied","2019","Lower Saxony","direct migration background","7","","","","0"
"0 Completely dissatisfied","2019","Lower Saxony","indirect migration background","1","","","","0"
"0 Completely dissatisfied","2019","Bremen","no migration background","1","","","","0"
"0 Completely dissatisfied","2019","Bremen","direct migration background","","","","","0"
"0 Completely dissatisfied","2019","Bremen","indirect migration background","","","","","0"
"0 Completely dissatisfied","2019","North Rhine-Westphalia","no migration background","32","0.00715035948502195","0.00449163913872728","0.00980907983131662","0"
"0 Completely dissatisfied","2019","North Rhine-Westphalia","direct migration background","10","","","","0"
"0 Completely dissatisfied","2019","North Rhine-Westphalia","indirect migration background","5","","","","0"
"0 Completely dissatisfied","2019","Hesse","no migration background","10","","","","0"
"0 Completely dissatisfied","2019","Hesse","direct migration background","4","","","","0"
"0 Completely dissatisfied","2019","Schleswig-Holstein","indirect migration background","","","","","0"
"0 Completely dissatisfied","2019","Hamburg","no migration background","5","","","","0"
"0 Completely dissatisfied","2019","Hamburg","direct migration background","1","","","","0"
"0 Completely dissatisfied","2019","Hamburg","indirect migration background","1","","","","0"
"0 Completely dissatisfied","2019","Lower Saxony","no migration background","14","","","","0"
"0 Completely dissatisfied","2019","Schleswig-Holstein","no migration background","2","","","","0"
"0 Completely dissatisfied","2019","Schleswig-Holstein","direct migration background","1","","","","0"
"1 on Scale 1 to 10","2019","Schleswig-Holstein","no migration background","4","","","","1"
"1 on Scale 1 to 10","2019","Schleswig-Holstein","direct migration background","","","","","1"
"1 on Scale 1 to 10","2019","Hesse","indirect migration background","","","","","1"
"1 on Scale 1 to 10","2019","Rhineland-Palatinate,Saarland","no migration background","12","","","","1"
"1 on Scale 1 to 10","2019","Rhineland-Palatinate,Saarland","direct migration background","1","","","","1"
"1 on Scale 1 to 10","2019","Rhineland-Palatinate,Saarland","indirect migration background","3","","","","1"
"1 on Scale 1 to 10","2019","Baden-Württemberg","no migration background","17","","","","1"
"1 on Scale 1 to 10","2019","Baden-Württemberg","direct migration background","6","","","","1"
"1 on Scale 1 to 10","2019","Baden-Württemberg","indirect migration background","3","","","","1"
"1 on Scale 1 to 10","2019","Bavaria","no migration background","25","","","","1"
"1 on Scale 1 to 10","2019","Bavaria","direct migration background","7","","","","1"
"1 on Scale 1 to 10","2019","Bavaria","indirect migration background","2","","","","1"
"1 on Scale 1 to 10","2019","Berlin","no migration background","13","","","","1"
"1 on Scale 1 to 10","2019","Berlin","direct migration background","1","","","","1"
"1 on Scale 1 to 10","2019","Berlin","indirect migration background","","","","","1"
"1 on Scale 1 to 10","2019","Lower Saxony","direct migration background","3","","","","1"
"1 on Scale 1 to 10","2019","Lower Saxony","indirect migration background","2","","","","1"
"1 on Scale 1 to 10","2019","Bremen","no migration background","","","","","1"
"1 on Scale 1 to 10","2019","Bremen","direct migration background","1","","","","1"
"1 on Scale 1 to 10","2019","Mecklenburg-Western Pomerania","indirect migration background","","","","","1"
"1 on Scale 1 to 10","2019","Saxony","no migration background","15","","","","1"
"1 on Scale 1 to 10","2019","Saxony","direct migration background","1","","","","1"
"1 on Scale 1 to 10","2019","Brandenburg","no migration background","9","","","","1"
"1 on Scale 1 to 10","2019","Brandenburg","direct migration background","","","","","1"
"1 on Scale 1 to 10","2019","Brandenburg","indirect migration background","","","","","1"
"1 on Scale 1 to 10","2019","Saxony","indirect migration background","","","","","1"
"1 on Scale 1 to 10","2019","Saxony-Anhalt","no migration background","5","","","","1"
"1 on Scale 1 to 10","2019","Saxony-Anhalt","direct migration background","","","","","1"
"1 on Scale 1 to 10","2019","Saxony-Anhalt","indirect migration background","","","","","1"
"1 on Scale 1 to 10","2019","Schleswig-Holstein","indirect migration background","1","","","","1"
"1 on Scale 1 to 10","2019","Hamburg","no migration background","3","","","","1"
"1 on Scale 1 to 10","2019","Hamburg","direct migration background","","","","","1"
"1 on Scale 1 to 10","2019","Hamburg","indirect migration background","","","","","1"
"1 on Scale 1 to 10","2019","Lower Saxony","no migration background","13","","","","1"
"1 on Scale 1 to 10","2019","Bremen","indirect migration background","","","","","1"
"1 on Scale 1 to 10","2019","North Rhine-Westphalia","no migration background","42","0.011914042951157","0.00849035697751372","0.0153377289248002","1"
"1 on Scale 1 to 10","2019","North Rhine-Westphalia","direct migration background","16","","","","1"
"1 on Scale 1 to 10","2019","North Rhine-Westphalia","indirect migration background","8","","","","1"
"1 on Scale 1 to 10","2019","Hesse","no migration background","17","","","","1"
"1 on Scale 1 to 10","2019","Hesse","direct migration background","3","","","","1"
"1 on Scale 1 to 10","2019","Mecklenburg-Western Pomerania","no migration background","7","","","","1"
"1 on Scale 1 to 10","2019","Mecklenburg-Western Pomerania","direct migration background","","","","","1"
"1 on Scale 1 to 10","2019","Thuringia","no migration background","11","","","","1"
"1 on Scale 1 to 10","2019","Thuringia","direct migration background","","","","","1"
"1 on Scale 1 to 10","2019","Thuringia","indirect migration background","","","","","1"
"10 Completely satisfied","2019","Schleswig-Holstein","no migration background","72","0.0818712643418205","0.0626675715974574","0.101074957086184","10"
"10 Completely satisfied","2019","Schleswig-Holstein","direct migration background","15","","","","10"
"10 Completely satisfied","2019","Schleswig-Holstein","indirect migration background","9","","","","10"
"10 Completely satisfied","2019","Hamburg","no migration background","30","0.0405986080500424","0.0207292319688989","0.0604679841311858","10"
"10 Completely satisfied","2019","Hamburg","direct migration background","13","","","","10"
"10 Completely satisfied","2019","Hamburg","indirect migration background","12","","","","10"
"10 Completely satisfied","2019","Lower Saxony","no migration background","181","0.0945219905426054","0.0817101064932114","0.107333874591999","10"
"10 Completely satisfied","2019","Lower Saxony","direct migration background","45","0.128696761716278","0.0945762368881178","0.162817286544438","10"
"10 Completely satisfied","2019","Lower Saxony","indirect migration background","33","0.343010722548025","0.261407106489772","0.424614338606277","10"
"10 Completely satisfied","2019","Bremen","no migration background","15","","","","10"
"10 Completely satisfied","2019","Bremen","direct migration background","4","","","","10"
"10 Completely satisfied","2019","Bremen","indirect migration background","1","","","","10"
"10 Completely satisfied","2019","North Rhine-Westphalia","no migration background","312","0.0672565019356864","0.0593530788293761","0.0751599250419967","10"
"10 Completely satisfied","2019","North Rhine-Westphalia","direct migration background","108","0.0893098056518663","0.0721575699899827","0.10646204131375","10"
"10 Completely satisfied","2019","North Rhine-Westphalia","indirect migration background","56","0.129629302941009","0.100562776712709","0.158695829169309","10"
"10 Completely satisfied","2019","Hesse","no migration background","117","0.0794730441007052","0.0647700902422858","0.0941759979591247","10"
"10 Completely satisfied","2019","Hesse","direct migration background","32","0.0954595391282279","0.0614633052519117","0.129455773004544","10"
"10 Completely satisfied","2019","Hesse","indirect migration background","11","","","","10"
"10 Completely satisfied","2019","Rhineland-Palatinate,Saarland","no migration background","110","0.0937370527941615","0.0761744848842782","0.111299620704045","10"
"10 Completely satisfied","2019","Rhineland-Palatinate,Saarland","direct migration background","28","","","","10"
"10 Completely satisfied","2019","Rhineland-Palatinate,Saarland","indirect migration background","11","","","","10"
"10 Completely satisfied","2019","Baden-Württemberg","no migration background","212","0.0951439166974937","0.0824641514466965","0.107823681948291","10"
"10 Completely satisfied","2019","Baden-Württemberg","direct migration background","71","0.10448578314114","0.077806924524142","0.131164641758139","10"
"10 Completely satisfied","2019","Baden-Württemberg","indirect migration background","40","0.143598563036886","0.100386841266752","0.18681028480702","10"
"10 Completely satisfied","2019","Bavaria","no migration background","357","0.100924879964249","0.0902379506472915","0.111611809281206","10"
"10 Completely satisfied","2019","Bavaria","direct migration background","69","0.0978836297429025","0.0749864356582697","0.120780823827535","10"
"10 Completely satisfied","2019","Bavaria","indirect migration background","35","0.0939171912100436","0.0591859792331199","0.128648403186967","10"
"10 Completely satisfied","2019","Berlin","no migration background","68","0.0655468703822105","0.0485868573780861","0.0825068833863348","10"
"10 Completely satisfied","2019","Berlin","direct migration background","13","","","","10"
"10 Completely satisfied","2019","Berlin","indirect migration background","7","","","","10"
"10 Completely satisfied","2019","Brandenburg","no migration background","77","0.0550742962622022","0.0410262257659181","0.0691223667584864","10"
"10 Completely satisfied","2019","Brandenburg","direct migration background","14","","","","10"
"10 Completely satisfied","2019","Brandenburg","indirect migration background","6","","","","10"
"10 Completely satisfied","2019","Mecklenburg-Western Pomerania","no migration background","41","0.0707729071258778","0.0499205826407966","0.0916252316109589","10"
"10 Completely satisfied","2019","Mecklenburg-Western Pomerania","direct migration background","2","","","","10"
"10 Completely satisfied","2019","Mecklenburg-Western Pomerania","indirect migration background","2","","","","10"
"10 Completely satisfied","2019","Saxony","no migration background","153","0.0869611614539489","0.0729424039227734","0.100979918985124","10"
"10 Completely satisfied","2019","Saxony","direct migration background","3","","","","10"
"10 Completely satisfied","2019","Saxony","indirect migration background","3","","","","10"
"10 Completely satisfied","2019","Saxony-Anhalt","no migration background","71","0.0610650517416352","0.0448238197412418","0.0773062837420286","10"
"10 Completely satisfied","2019","Saxony-Anhalt","direct migration background","4","","","","10"
"10 Completely satisfied","2019","Saxony-Anhalt","indirect migration background","2","","","","10"
"10 Completely satisfied","2019","Thuringia","no migration background","63","0.0820447220341237","0.0636496658235027","0.100439778244745","10"
"10 Completely satisfied","2019","Thuringia","direct migration background","8","","","","10"
"10 Completely satisfied","2019","Thuringia","indirect migration background","3","","","","10"
"2 on Scale 1 to 10","2019","Schleswig-Holstein","no migration background","23","","","","2"
"2 on Scale 1 to 10","2019","Schleswig-Holstein","direct migration background","5","","","","2"
"2 on Scale 1 to 10","2019","Schleswig-Holstein","indirect migration background","1","","","","2"
"2 on Scale 1 to 10","2019","Hamburg","no migration background","16","","","","2"
"2 on Scale 1 to 10","2019","Hamburg","direct migration background","3","","","","2"
"2 on Scale 1 to 10","2019","Hamburg","indirect migration background","1","","","","2"
"2 on Scale 1 to 10","2019","Lower Saxony","no migration background","46","0.0253188759306145","0.0184393089333361","0.0321984429278928","2"
"2 on Scale 1 to 10","2019","Lower Saxony","direct migration background","13","","","","2"
"2 on Scale 1 to 10","2019","Lower Saxony","indirect migration background","1","","","","2"
"2 on Scale 1 to 10","2019","Bremen","no migration background","4","","","","2"
"2 on Scale 1 to 10","2019","Bremen","direct migration background","1","","","","2"
"2 on Scale 1 to 10","2019","Bremen","indirect migration background","","","","","2"
"2 on Scale 1 to 10","2019","North Rhine-Westphalia","no migration background","98","0.0258280152677636","0.0208227129407935","0.0308333175947337","2"
"2 on Scale 1 to 10","2019","Hesse","indirect migration background","4","","","","2"
"2 on Scale 1 to 10","2019","Rhineland-Palatinate,Saarland","no migration background","35","0.0383777699435127","0.0268020670369584","0.049953472850067","2"
"2 on Scale 1 to 10","2019","Rhineland-Palatinate,Saarland","direct migration background","6","","","","2"
"2 on Scale 1 to 10","2019","Rhineland-Palatinate,Saarland","indirect migration background","3","","","","2"
"2 on Scale 1 to 10","2019","Baden-Württemberg","no migration background","58","0.0331184572412892","0.0253853749983034","0.0408515394842749","2"
"2 on Scale 1 to 10","2019","Baden-Württemberg","direct migration background","11","","","","2"
"2 on Scale 1 to 10","2019","Baden-Württemberg","indirect migration background","10","","","","2"
"2 on Scale 1 to 10","2019","Bavaria","no migration background","62","0.0213868698084241","0.0162542988949853","0.0265194407218629","2"
"2 on Scale 1 to 10","2019","Bavaria","direct migration background","13","","","","2"
"2 on Scale 1 to 10","2019","Bavaria","indirect migration background","10","","","","2"
"2 on Scale 1 to 10","2019","Berlin","no migration background","33","0.0429810241269","0.0290824549368052","0.0568795933169948","2"
"2 on Scale 1 to 10","2019","Berlin","direct migration background","4","","","","2"
"2 on Scale 1 to 10","2019","Berlin","indirect migration background","2","","","","2"
"2 on Scale 1 to 10","2019","Brandenburg","no migration background","39","0.0396305088959334","0.0276167926401287","0.0516442251517381","2"
"2 on Scale 1 to 10","2019","Brandenburg","direct migration background","1","","","","2"
"2 on Scale 1 to 10","2019","Brandenburg","indirect migration background","1","","","","2"
"2 on Scale 1 to 10","2019","Mecklenburg-Western Pomerania","no migration background","20","","","","2"
"2 on Scale 1 to 10","2019","Mecklenburg-Western Pomerania","direct migration background","","","","","2"
"2 on Scale 1 to 10","2019","Mecklenburg-Western Pomerania","indirect migration background","","","","","2"
"2 on Scale 1 to 10","2019","Saxony","no migration background","34","0.020457957504093","0.0134151647445495","0.0275007502636366","2"
"2 on Scale 1 to 10","2019","Saxony","direct migration background","3","","","","2"
"2 on Scale 1 to 10","2019","Saxony","indirect migration background","1","","","","2"
"2 on Scale 1 to 10","2019","Saxony-Anhalt","no migration background","23","","","","2"
"2 on Scale 1 to 10","2019","Saxony-Anhalt","direct migration background","1","","","","2"
"2 on Scale 1 to 10","2019","Saxony-Anhalt","indirect migration background","1","","","","2"
"2 on Scale 1 to 10","2019","Thuringia","no migration background","15","","","","2"
"2 on Scale 1 to 10","2019","Thuringia","direct migration background","2","","","","2"
"2 on Scale 1 to 10","2019","Thuringia","indirect migration background","1","","","","2"
"2 on Scale 1 to 10","2019","North Rhine-Westphalia","direct migration background","27","","","","2"
"2 on Scale 1 to 10","2019","North Rhine-Westphalia","indirect migration background","15","","","","2"
"2 on Scale 1 to 10","2019","Hesse","no migration background","37","0.0373324813248123","0.0270272438915395","0.0476377187580852","2"
"2 on Scale 1 to 10","2019","Hesse","direct migration background","6","","","","2"
"3 on Scale 1 to 10","2019","Schleswig-Holstein","no migration background","41","0.0639896318571156","0.0468475981196639","0.0811316655945674","3"
"3 on Scale 1 to 10","2019","Schleswig-Holstein","direct migration background","10","","","","3"
"3 on Scale 1 to 10","2019","Schleswig-Holstein","indirect migration background","3","","","","3"
"3 on Scale 1 to 10","2019","Hamburg","no migration background","19","","","","3"
"3 on Scale 1 to 10","2019","Hamburg","direct migration background","3","","","","3"
"3 on Scale 1 to 10","2019","Hamburg","indirect migration background","","","","","3"
"3 on Scale 1 to 10","2019","Lower Saxony","no migration background","116","0.0670305683741288","0.0560789632931013","0.0779821734551563","3"
"3 on Scale 1 to 10","2019","Lower Saxony","direct migration background","21","","","","3"
"3 on Scale 1 to 10","2019","Lower Saxony","indirect migration background","5","","","","3"
"3 on Scale 1 to 10","2019","Bremen","no migration background","11","","","","3"
"3 on Scale 1 to 10","2019","Bremen","direct migration background","3","","","","3"
"3 on Scale 1 to 10","2019","Bremen","indirect migration background","","","","","3"
"3 on Scale 1 to 10","2019","North Rhine-Westphalia","no migration background","245","0.0733479302881212","0.0651213515043382","0.0815745090719042","3"
"3 on Scale 1 to 10","2019","North Rhine-Westphalia","direct migration background","66","0.065877905072123","0.0509582925224332","0.0807975176218128","3"
"3 on Scale 1 to 10","2019","North Rhine-Westphalia","indirect migration background","28","","","","3"
"3 on Scale 1 to 10","2019","Hesse","indirect migration background","9","","","","3"
"3 on Scale 1 to 10","2019","Rhineland-Palatinate,Saarland","no migration background","55","0.0603981622177914","0.0460436298785871","0.0747526945569957","3"
"3 on Scale 1 to 10","2019","Rhineland-Palatinate,Saarland","direct migration background","17","","","","3"
"3 on Scale 1 to 10","2019","Rhineland-Palatinate,Saarland","indirect migration background","7","","","","3"
"3 on Scale 1 to 10","2019","Baden-Württemberg","no migration background","99","0.0587062288336931","0.0485475874538558","0.0688648702135304","3"
"3 on Scale 1 to 10","2019","Baden-Württemberg","direct migration background","31","0.0815380749922168","0.0576702300573069","0.105405919927127","3"
"3 on Scale 1 to 10","2019","Baden-Württemberg","indirect migration background","12","","","","3"
"3 on Scale 1 to 10","2019","Bavaria","no migration background","140","0.044288167332312","0.0369891707119402","0.0515871639526837","3"
"3 on Scale 1 to 10","2019","Bavaria","direct migration background","29","","","","3"
"3 on Scale 1 to 10","2019","Bavaria","indirect migration background","14","","","","3"
"3 on Scale 1 to 10","2019","Berlin","no migration background","42","0.0645475215475994","0.0477082969397406","0.0813867461554581","3"
"3 on Scale 1 to 10","2019","Berlin","direct migration background","11","","","","3"
"3 on Scale 1 to 10","2019","Berlin","indirect migration background","6","","","","3"
"3 on Scale 1 to 10","2019","Brandenburg","no migration background","62","0.0711322709659635","0.0553032649986587","0.0869612769332683","3"
"3 on Scale 1 to 10","2019","Brandenburg","direct migration background","4","","","","3"
"3 on Scale 1 to 10","2019","Brandenburg","indirect migration background","","","","","3"
"3 on Scale 1 to 10","2019","Mecklenburg-Western Pomerania","no migration background","33","0.0545647350314654","0.0360962212041611","0.0730332488587697","3"
"3 on Scale 1 to 10","2019","Mecklenburg-Western Pomerania","direct migration background","","","","","3"
"3 on Scale 1 to 10","2019","Mecklenburg-Western Pomerania","indirect migration background","1","","","","3"
"3 on Scale 1 to 10","2019","Saxony","no migration background","76","0.0551246345639674","0.0437702824691185","0.0664789866588162","3"
"3 on Scale 1 to 10","2019","Saxony","direct migration background","5","","","","3"
"3 on Scale 1 to 10","2019","Saxony","indirect migration background","3","","","","3"
"3 on Scale 1 to 10","2019","Saxony-Anhalt","no migration background","86","0.106971825759309","0.0860079229423552","0.127935728576263","3"
"3 on Scale 1 to 10","2019","Saxony-Anhalt","direct migration background","","","","","3"
"3 on Scale 1 to 10","2019","Saxony-Anhalt","indirect migration background","2","","","","3"
"3 on Scale 1 to 10","2019","Thuringia","no migration background","61","0.0746601863766077","0.0570420408573454","0.09227833189587","3"
"3 on Scale 1 to 10","2019","Hesse","no migration background","80","0.0575854914076154","0.0449219861430471","0.0702489966721837","3"
"3 on Scale 1 to 10","2019","Hesse","direct migration background","12","","","","3"
"3 on Scale 1 to 10","2019","Thuringia","direct migration background","2","","","","3"
"3 on Scale 1 to 10","2019","Thuringia","indirect migration background","3","","","","3"
"4 on Scale 1 to 10","2019","Schleswig-Holstein","no migration background","45","0.0637586319185225","0.0466454558665288","0.0808718079705161","4"
"4 on Scale 1 to 10","2019","Schleswig-Holstein","direct migration background","5","","","","4"
"4 on Scale 1 to 10","2019","Schleswig-Holstein","indirect migration background","6","","","","4"
"4 on Scale 1 to 10","2019","Hamburg","no migration background","33","0.0857583841004924","0.0575682414320089","0.113948526768976","4"
"4 on Scale 1 to 10","2019","Hamburg","direct migration background","6","","","","4"
"4 on Scale 1 to 10","2019","Hamburg","indirect migration background","2","","","","4"
"4 on Scale 1 to 10","2019","Lower Saxony","no migration background","116","0.0609354687864871","0.0504595912377814","0.0714113463351929","4"
"4 on Scale 1 to 10","2019","Lower Saxony","direct migration background","13","","","","4"
"4 on Scale 1 to 10","2019","Lower Saxony","indirect migration background","5","","","","4"
"4 on Scale 1 to 10","2019","Bremen","no migration background","8","","","","4"
"4 on Scale 1 to 10","2019","Bremen","direct migration background","7","","","","4"
"4 on Scale 1 to 10","2019","Bremen","indirect migration background","","","","","4"
"4 on Scale 1 to 10","2019","North Rhine-Westphalia","no migration background","238","0.0606259934226535","0.0530956343948543","0.0681563524504527","4"
"4 on Scale 1 to 10","2019","North Rhine-Westphalia","direct migration background","62","0.098543716346725","0.0806181603048451","0.116469272388605","4"
"4 on Scale 1 to 10","2019","North Rhine-Westphalia","indirect migration background","38","0.0705844638834885","0.0484204235087373","0.0927485042582397","4"
"4 on Scale 1 to 10","2019","Hesse","no migration background","74","0.0596249182745193","0.046753071256137","0.0724967652929016","4"
"4 on Scale 1 to 10","2019","Hesse","direct migration background","13","","","","4"
"4 on Scale 1 to 10","2019","Hesse","indirect migration background","13","","","","4"
"4 on Scale 1 to 10","2019","Rhineland-Palatinate,Saarland","no migration background","65","0.0639752847355749","0.0492299366549582","0.0787206328161917","4"
"4 on Scale 1 to 10","2019","Rhineland-Palatinate,Saarland","direct migration background","19","","","","4"
"4 on Scale 1 to 10","2019","Rhineland-Palatinate,Saarland","indirect migration background","10","","","","4"
"4 on Scale 1 to 10","2019","Baden-Württemberg","no migration background","95","0.0496255427487721","0.0402406144763739","0.0590104710211704","4"
"4 on Scale 1 to 10","2019","Baden-Württemberg","direct migration background","28","","","","4"
"4 on Scale 1 to 10","2019","Baden-Württemberg","indirect migration background","18","","","","4"
"4 on Scale 1 to 10","2019","Bavaria","no migration background","171","0.0630768287538218","0.0544521536974059","0.0717015038102376","4"
"4 on Scale 1 to 10","2019","Bavaria","direct migration background","41","0.0831745922959414","0.0618964057917535","0.104452778800129","4"
"4 on Scale 1 to 10","2019","Bavaria","indirect migration background","19","","","","4"
"4 on Scale 1 to 10","2019","Berlin","no migration background","68","0.0843686001874945","0.0653217923727942","0.103415408002195","4"
"4 on Scale 1 to 10","2019","Berlin","direct migration background","4","","","","4"
"4 on Scale 1 to 10","2019","Berlin","indirect migration background","7","","","","4"
"4 on Scale 1 to 10","2019","Brandenburg","no migration background","58","0.0586346090272614","0.0441669088867344","0.0731023091677884","4"
"4 on Scale 1 to 10","2019","Brandenburg","direct migration background","10","","","","4"
"4 on Scale 1 to 10","2019","Brandenburg","indirect migration background","1","","","","4"
"4 on Scale 1 to 10","2019","Mecklenburg-Western Pomerania","no migration background","32","0.0710268902750712","0.0501400379280566","0.0919137426220857","4"
"4 on Scale 1 to 10","2019","Mecklenburg-Western Pomerania","indirect migration background","1","","","","4"
"4 on Scale 1 to 10","2019","Saxony","no migration background","103","0.0654982900146947","0.0531897295423634","0.0778068504870261","4"
"4 on Scale 1 to 10","2019","Saxony","direct migration background","4","","","","4"
"4 on Scale 1 to 10","2019","Saxony","indirect migration background","2","","","","4"
"4 on Scale 1 to 10","2019","Saxony-Anhalt","no migration background","58","0.0870333583491685","0.0679139178600727","0.106152798838264","4"
"4 on Scale 1 to 10","2019","Saxony-Anhalt","direct migration background","2","","","","4"
"4 on Scale 1 to 10","2019","Saxony-Anhalt","indirect migration background","","","","","4"
"4 on Scale 1 to 10","2019","Thuringia","no migration background","58","0.0648187683002191","0.048315752634705","0.0813217839657331","4"
"4 on Scale 1 to 10","2019","Thuringia","direct migration background","1","","","","4"
"4 on Scale 1 to 10","2019","Thuringia","indirect migration background","2","","","","4"
"4 on Scale 1 to 10","2019","Mecklenburg-Western Pomerania","direct migration background","1","","","","4"
"5 on Scale 1 to 10","2019","Mecklenburg-Western Pomerania","indirect migration background","","","","","5"
"5 on Scale 1 to 10","2019","Saxony","no migration background","187","0.129211328118039","0.112523150512821","0.145899505723257","5"
"5 on Scale 1 to 10","2019","Saxony","direct migration background","5","","","","5"
"5 on Scale 1 to 10","2019","Saxony","indirect migration background","5","","","","5"
"5 on Scale 1 to 10","2019","Saxony-Anhalt","no migration background","109","0.160459693533856","0.135564895445525","0.185354491622186","5"
"5 on Scale 1 to 10","2019","Saxony-Anhalt","direct migration background","6","","","","5"
"5 on Scale 1 to 10","2019","Saxony-Anhalt","indirect migration background","2","","","","5"
"5 on Scale 1 to 10","2019","Thuringia","no migration background","100","0.103078988694374","0.08269790806266","0.123460069326089","5"
"5 on Scale 1 to 10","2019","Thuringia","direct migration background","8","","","","5"
"5 on Scale 1 to 10","2019","Thuringia","indirect migration background","4","","","","5"
"5 on Scale 1 to 10","2019","Hamburg","direct migration background","11","","","","5"
"5 on Scale 1 to 10","2019","Schleswig-Holstein","no migration background","83","0.115037828771605","0.0926892504389419","0.137386407104268","5"
"5 on Scale 1 to 10","2019","Schleswig-Holstein","direct migration background","13","","","","5"
"5 on Scale 1 to 10","2019","Schleswig-Holstein","indirect migration background","6","","","","5"
"5 on Scale 1 to 10","2019","Hamburg","no migration background","26","","","","5"
"5 on Scale 1 to 10","2019","Hamburg","indirect migration background","4","","","","5"
"5 on Scale 1 to 10","2019","Lower Saxony","no migration background","222","0.120481616371567","0.106225853269122","0.134737379474011","5"
"5 on Scale 1 to 10","2019","Lower Saxony","direct migration background","41","0.15163237522536","0.115086763034666","0.188177987416055","5"
"5 on Scale 1 to 10","2019","Hesse","indirect migration background","11","","","","5"
"5 on Scale 1 to 10","2019","Rhineland-Palatinate,Saarland","no migration background","122","0.11120589635934","0.0922619808937476","0.130149811824932","5"
"5 on Scale 1 to 10","2019","Rhineland-Palatinate,Saarland","direct migration background","38","0.126588284549993","0.089573646419597","0.163602922680389","5"
"5 on Scale 1 to 10","2019","Rhineland-Palatinate,Saarland","indirect migration background","14","","","","5"
"5 on Scale 1 to 10","2019","Baden-Württemberg","no migration background","205","0.0973818243915073","0.0845696767194585","0.110193972063556","5"
"5 on Scale 1 to 10","2019","Baden-Württemberg","direct migration background","59","0.14848760803112","0.117474664105289","0.179500551956951","5"
"5 on Scale 1 to 10","2019","Baden-Württemberg","indirect migration background","24","","","","5"
"5 on Scale 1 to 10","2019","Bavaria","no migration background","331","0.113508124405873","0.102254130386442","0.124762118425304","5"
"5 on Scale 1 to 10","2019","Bavaria","direct migration background","85","0.126442664490078","0.100833908756556","0.152051420223601","5"
"5 on Scale 1 to 10","2019","Bavaria","indirect migration background","29","","","","5"
"5 on Scale 1 to 10","2019","Berlin","no migration background","79","0.0866011841424168","0.0673275515232297","0.105874816761604","5"
"5 on Scale 1 to 10","2019","Berlin","direct migration background","22","","","","5"
"5 on Scale 1 to 10","2019","Berlin","indirect migration background","6","","","","5"
"5 on Scale 1 to 10","2019","Brandenburg","no migration background","131","0.156084042825791","0.133734315936807","0.178433769714776","5"
"5 on Scale 1 to 10","2019","Brandenburg","direct migration background","9","","","","5"
"5 on Scale 1 to 10","2019","Brandenburg","indirect migration background","1","","","","5"
"5 on Scale 1 to 10","2019","Mecklenburg-Western Pomerania","no migration background","73","0.119428091112919","0.0930589682544695","0.145797213971368","5"
"5 on Scale 1 to 10","2019","Mecklenburg-Western Pomerania","direct migration background","3","","","","5"
"5 on Scale 1 to 10","2019","Bremen","direct migration background","8","","","","5"
"5 on Scale 1 to 10","2019","Bremen","indirect migration background","","","","","5"
"5 on Scale 1 to 10","2019","Lower Saxony","indirect migration background","8","","","","5"
"5 on Scale 1 to 10","2019","Bremen","no migration background","12","","","","5"
"5 on Scale 1 to 10","2019","North Rhine-Westphalia","no migration background","438","0.131399135734809","0.120738739130048","0.14205953233957","5"
"5 on Scale 1 to 10","2019","North Rhine-Westphalia","direct migration background","154","0.118837974128045","0.0993758006739833","0.138300147582108","5"
"5 on Scale 1 to 10","2019","North Rhine-Westphalia","indirect migration background","55","0.114718090883114","0.0871411455214339","0.142295036244794","5"
"5 on Scale 1 to 10","2019","Hesse","direct migration background","36","0.0934931621036447","0.0598123457653296","0.12717397844196","5"
"5 on Scale 1 to 10","2019","Hesse","no migration background","139","0.111234539990909","0.0941426601654079","0.12832641981641","5"
"6 on Scale 1 to 10","2019","Schleswig-Holstein","no migration background","100","0.105541172443208","0.0840203757639264","0.127061969122489","6"
"6 on Scale 1 to 10","2019","Schleswig-Holstein","direct migration background","16","","","","6"
"6 on Scale 1 to 10","2019","Schleswig-Holstein","indirect migration background","4","","","","6"
"6 on Scale 1 to 10","2019","Hamburg","no migration background","60","0.177665023416446","0.139183360053078","0.216146686779814","6"
"6 on Scale 1 to 10","2019","Hamburg","direct migration background","16","","","","6"
"6 on Scale 1 to 10","2019","Hamburg","indirect migration background","3","","","","6"
"6 on Scale 1 to 10","2019","Lower Saxony","no migration background","232","0.110516881092921","0.0967862410639576","0.124247521121885","6"
"6 on Scale 1 to 10","2019","Lower Saxony","direct migration background","46","0.0970833654018288","0.0669155774018108","0.127251153401847","6"
"6 on Scale 1 to 10","2019","Lower Saxony","indirect migration background","14","","","","6"
"6 on Scale 1 to 10","2019","Bremen","no migration background","16","","","","6"
"6 on Scale 1 to 10","2019","Bremen","direct migration background","7","","","","6"
"6 on Scale 1 to 10","2019","Bremen","indirect migration background","3","","","","6"
"6 on Scale 1 to 10","2019","North Rhine-Westphalia","no migration background","470","0.115546320296701","0.105458842643316","0.125633797950085","6"
"6 on Scale 1 to 10","2019","North Rhine-Westphalia","direct migration background","109","0.117009447057407","0.0976775566380613","0.136341337476753","6"
"6 on Scale 1 to 10","2019","North Rhine-Westphalia","indirect migration background","53","0.100547278417351","0.0745238963200578","0.126570660514644","6"
"6 on Scale 1 to 10","2019","Hesse","no migration background","161","0.111833078007436","0.0947010470163573","0.128965108998515","6"
"6 on Scale 1 to 10","2019","Hesse","direct migration background","33","0.14190215527265","0.101531105355566","0.182273205189735","6"
"6 on Scale 1 to 10","2019","Hesse","indirect migration background","20","","","","6"
"6 on Scale 1 to 10","2019","Rhineland-Palatinate,Saarland","no migration background","126","0.129889681464514","0.109632466230835","0.150146896698192","6"
"6 on Scale 1 to 10","2019","Rhineland-Palatinate,Saarland","direct migration background","40","0.171048956347262","0.129131791577229","0.212966121117295","6"
"6 on Scale 1 to 10","2019","Rhineland-Palatinate,Saarland","indirect migration background","13","","","","6"
"6 on Scale 1 to 10","2019","Baden-Württemberg","no migration background","241","0.104978818224793","0.0917324006427189","0.118225235806867","6"
"6 on Scale 1 to 10","2019","Baden-Württemberg","direct migration background","53","0.104903750972748","0.0781778238897573","0.13162967805574","6"
"6 on Scale 1 to 10","2019","Baden-Württemberg","indirect migration background","28","","","","6"
"6 on Scale 1 to 10","2019","Bavaria","no migration background","328","0.106728104879793","0.0957737435919533","0.117682466167633","6"
"6 on Scale 1 to 10","2019","Bavaria","direct migration background","55","0.0584117783672906","0.0403410077302268","0.0764825490043545","6"
"6 on Scale 1 to 10","2019","Bavaria","indirect migration background","22","","","","6"
"6 on Scale 1 to 10","2019","Berlin","no migration background","89","0.0937895756188421","0.0738110584403534","0.113768092797331","6"
"6 on Scale 1 to 10","2019","Berlin","direct migration background","17","","","","6"
"6 on Scale 1 to 10","2019","Berlin","indirect migration background","4","","","","6"
"6 on Scale 1 to 10","2019","Brandenburg","no migration background","119","0.118849445757628","0.0989212946287156","0.13877759688654","6"
"6 on Scale 1 to 10","2019","Brandenburg","direct migration background","5","","","","6"
"6 on Scale 1 to 10","2019","Brandenburg","indirect migration background","2","","","","6"
"6 on Scale 1 to 10","2019","Mecklenburg-Western Pomerania","no migration background","68","0.133607916623217","0.105942745654332","0.161273087592102","6"
"6 on Scale 1 to 10","2019","Mecklenburg-Western Pomerania","direct migration background","3","","","","6"
"6 on Scale 1 to 10","2019","Mecklenburg-Western Pomerania","indirect migration background","4","","","","6"
"6 on Scale 1 to 10","2019","Saxony","no migration background","203","0.140587880867326","0.123294619246634","0.157881142488017","6"
"6 on Scale 1 to 10","2019","Saxony","direct migration background","7","","","","6"
"6 on Scale 1 to 10","2019","Saxony","indirect migration background","5","","","","6"
"6 on Scale 1 to 10","2019","Saxony-Anhalt","no migration background","98","0.127187399520392","0.104588494292605","0.149786304748178","6"
"6 on Scale 1 to 10","2019","Saxony-Anhalt","direct migration background","6","","","","6"
"6 on Scale 1 to 10","2019","Saxony-Anhalt","indirect migration background","3","","","","6"
"6 on Scale 1 to 10","2019","Thuringia","no migration background","88","0.114484337911984","0.0931422848392319","0.135826390984736","6"
"6 on Scale 1 to 10","2019","Thuringia","direct migration background","5","","","","6"
"6 on Scale 1 to 10","2019","Thuringia","indirect migration background","","","","","6"
"7 on Scale 1 to 10","2019","Hesse","indirect migration background","22","","","","7"
"7 on Scale 1 to 10","2019","Rhineland-Palatinate,Saarland","no migration background","199","0.167418996768673","0.144922190236462","0.189915803300885","7"
"7 on Scale 1 to 10","2019","Rhineland-Palatinate,Saarland","direct migration background","50","0.195621285656628","0.151463673227623","0.239778898085634","7"
"7 on Scale 1 to 10","2019","Rhineland-Palatinate,Saarland","indirect migration background","15","","","","7"
"7 on Scale 1 to 10","2019","Schleswig-Holstein","no migration background","141","0.192838933455018","0.165204874921069","0.220472991988967","7"
"7 on Scale 1 to 10","2019","Schleswig-Holstein","direct migration background","18","","","","7"
"7 on Scale 1 to 10","2019","Lower Saxony","direct migration background","65","0.156629850624243","0.119596448705555","0.193663252542932","7"
"7 on Scale 1 to 10","2019","Lower Saxony","indirect migration background","22","","","","7"
"7 on Scale 1 to 10","2019","Bremen","no migration background","32","0.224150492106079","0.1567368150111","0.291564169201057","7"
"7 on Scale 1 to 10","2019","Bremen","direct migration background","12","","","","7"
"7 on Scale 1 to 10","2019","Bremen","indirect migration background","4","","","","7"
"7 on Scale 1 to 10","2019","Bavaria","direct migration background","98","0.174856892452437","0.145588291280345","0.204125493624529","7"
"7 on Scale 1 to 10","2019","Bavaria","indirect migration background","39","0.15650783899402","0.113249282979583","0.199766395008458","7"
"7 on Scale 1 to 10","2019","Berlin","no migration background","139","0.185033153573318","0.158421847791174","0.211644459355462","7"
"7 on Scale 1 to 10","2019","Berlin","direct migration background","28","","","","7"
"7 on Scale 1 to 10","2019","Berlin","indirect migration background","11","","","","7"
"7 on Scale 1 to 10","2019","Mecklenburg-Western Pomerania","indirect migration background","3","","","","7"
"7 on Scale 1 to 10","2019","Saxony","no migration background","280","0.162153184454472","0.143815382198697","0.180490986710247","7"
"7 on Scale 1 to 10","2019","Saxony","direct migration background","12","","","","7"
"7 on Scale 1 to 10","2019","Saxony","indirect migration background","6","","","","7"
"7 on Scale 1 to 10","2019","Brandenburg","indirect migration background","5","","","","7"
"7 on Scale 1 to 10","2019","Mecklenburg-Western Pomerania","no migration background","115","0.181539305599328","0.150196037777011","0.212882573421646","7"
"7 on Scale 1 to 10","2019","Schleswig-Holstein","indirect migration background","10","","","","7"
"7 on Scale 1 to 10","2019","Hamburg","no migration background","67","0.191334410076599","0.151733104074411","0.230935716078786","7"
"7 on Scale 1 to 10","2019","Hamburg","direct migration background","20","","","","7"
"7 on Scale 1 to 10","2019","Hamburg","indirect migration background","11","","","","7"
"7 on Scale 1 to 10","2019","North Rhine-Westphalia","no migration background","671","0.168992102874511","0.157167059023168","0.180817146725855","7"
"7 on Scale 1 to 10","2019","North Rhine-Westphalia","direct migration background","175","0.178609922064977","0.155573588983257","0.201646255146697","7"
"7 on Scale 1 to 10","2019","Baden-Württemberg","no migration background","358","0.172234649544932","0.155917479867806","0.188551819222058","7"
"7 on Scale 1 to 10","2019","Baden-Württemberg","direct migration background","79","0.152964246178298","0.121570131625519","0.184358360731077","7"
"7 on Scale 1 to 10","2019","Baden-Württemberg","indirect migration background","44","0.210132249979008","0.159931364586996","0.260333135371019","7"
"7 on Scale 1 to 10","2019","Thuringia","no migration background","155","0.190026534322647","0.163729452752977","0.216323615892317","7"
"7 on Scale 1 to 10","2019","Brandenburg","no migration background","177","0.156780024686771","0.134389762679431","0.179170286694111","7"
"7 on Scale 1 to 10","2019","Brandenburg","direct migration background","13","","","","7"
"7 on Scale 1 to 10","2019","Lower Saxony","no migration background","341","0.166420761420076","0.150109602712811","0.18273192012734","7"
"7 on Scale 1 to 10","2019","Mecklenburg-Western Pomerania","direct migration background","3","","","","7"
"7 on Scale 1 to 10","2019","Bavaria","no migration background","489","0.164630623460991","0.151473819213654","0.177787427708329","7"
"7 on Scale 1 to 10","2019","Saxony-Anhalt","no migration background","143","0.157561686878802","0.132850180562775","0.18227319319483","7"
"7 on Scale 1 to 10","2019","Saxony-Anhalt","direct migration background","6","","","","7"
"7 on Scale 1 to 10","2019","Saxony-Anhalt","indirect migration background","4","","","","7"
"7 on Scale 1 to 10","2019","Hesse","no migration background","253","0.20114679514411","0.179356331826914","0.222937258461306","7"
"7 on Scale 1 to 10","2019","Thuringia","direct migration background","8","","","","7"
"7 on Scale 1 to 10","2019","Thuringia","indirect migration background","2","","","","7"
"7 on Scale 1 to 10","2019","Hesse","direct migration background","53","0.197190478870428","0.151158847068178","0.243222110672677","7"
"7 on Scale 1 to 10","2019","North Rhine-Westphalia","indirect migration background","96","0.208691585564208","0.173526249698689","0.243856921429727","7"
"8 on Scale 1 to 10","2019","Bavaria","direct migration background","142","0.213750276471141","0.18216173701399","0.245338815928291","8"
"8 on Scale 1 to 10","2019","Bavaria","indirect migration background","56","0.21678402828975","0.167725122864133","0.265842933715367","8"
"8 on Scale 1 to 10","2019","Berlin","no migration background","169","0.195185620684343","0.168024779708617","0.222346461660069","8"
"8 on Scale 1 to 10","2019","Berlin","direct migration background","27","","","","8"
"8 on Scale 1 to 10","2019","Berlin","indirect migration background","14","","","","8"
"8 on Scale 1 to 10","2019","Brandenburg","no migration background","211","0.218922930827575","0.19345838474102","0.24438747691413","8"
"8 on Scale 1 to 10","2019","Brandenburg","direct migration background","7","","","","8"
"8 on Scale 1 to 10","2019","Mecklenburg-Western Pomerania","indirect migration background","3","","","","8"
"8 on Scale 1 to 10","2019","Saxony","no migration background","337","0.234077346753445","0.213011720099731","0.255142973407159","8"
"8 on Scale 1 to 10","2019","Saxony","direct migration background","10","","","","8"
"8 on Scale 1 to 10","2019","Saxony","indirect migration background","5","","","","8"
"8 on Scale 1 to 10","2019","Saxony-Anhalt","no migration background","153","0.155317973315003","0.130750395664313","0.179885550965693","8"
"8 on Scale 1 to 10","2019","Saxony-Anhalt","direct migration background","7","","","","8"
"8 on Scale 1 to 10","2019","Saxony-Anhalt","indirect migration background","6","","","","8"
"8 on Scale 1 to 10","2019","Schleswig-Holstein","no migration background","166","0.219995636355276","0.190980624025449","0.249010648685103","8"
"8 on Scale 1 to 10","2019","Schleswig-Holstein","direct migration background","33","0.245575910402328","0.169508927582736","0.321642893221919","8"
"8 on Scale 1 to 10","2019","Schleswig-Holstein","indirect migration background","6","","","","8"
"8 on Scale 1 to 10","2019","Hamburg","no migration background","82","0.181881024497677","0.143045389123414","0.22071665987194","8"
"8 on Scale 1 to 10","2019","Hamburg","direct migration background","21","","","","8"
"8 on Scale 1 to 10","2019","Hamburg","indirect migration background","12","","","","8"
"8 on Scale 1 to 10","2019","Lower Saxony","no migration background","501","0.243574149901555","0.224776377147303","0.262371922655807","8"
"8 on Scale 1 to 10","2019","Lower Saxony","direct migration background","72","0.19105735820439","0.150999476687834","0.231115239720946","8"
"8 on Scale 1 to 10","2019","Lower Saxony","indirect migration background","31","0.281459406044415","0.204153984517093","0.358764827571737","8"
"8 on Scale 1 to 10","2019","Bremen","no migration background","30","0.234549160000146","0.166053190579916","0.303045129420376","8"
"8 on Scale 1 to 10","2019","Bremen","direct migration background","8","","","","8"
"8 on Scale 1 to 10","2019","Bremen","indirect migration background","3","","","","8"
"8 on Scale 1 to 10","2019","North Rhine-Westphalia","no migration background","809","0.219108034114755","0.206055597049923","0.232160471179587","8"
"8 on Scale 1 to 10","2019","North Rhine-Westphalia","direct migration background","221","0.194189119715953","0.170398002172503","0.217980237259404","8"
"8 on Scale 1 to 10","2019","North Rhine-Westphalia","indirect migration background","107","0.189122417697162","0.155234993350219","0.223009842044105","8"
"8 on Scale 1 to 10","2019","Hesse","no migration background","259","0.219616321029338","0.19711216087666","0.242120481182017","8"
"8 on Scale 1 to 10","2019","Hesse","direct migration background","58","0.206693323082772","0.159845337515209","0.253541308650334","8"
"8 on Scale 1 to 10","2019","Hesse","indirect migration background","25","","","","8"
"8 on Scale 1 to 10","2019","Rhineland-Palatinate,Saarland","no migration background","207","0.189153211081317","0.165554867666217","0.212751554496417","8"
"8 on Scale 1 to 10","2019","Rhineland-Palatinate,Saarland","direct migration background","75","0.192263034390883","0.148394803610108","0.236131265171657","8"
"8 on Scale 1 to 10","2019","Rhineland-Palatinate,Saarland","indirect migration background","19","","","","8"
"8 on Scale 1 to 10","2019","Baden-Württemberg","no migration background","478","0.215291808871559","0.197529525614778","0.233054092128339","8"
"8 on Scale 1 to 10","2019","Baden-Württemberg","direct migration background","104","0.200574266610235","0.165649857222747","0.235498675997723","8"
"8 on Scale 1 to 10","2019","Baden-Württemberg","indirect migration background","48","0.18560717896265","0.137699825072787","0.233514532852512","8"
"8 on Scale 1 to 10","2019","Bavaria","no migration background","706","0.228224970592732","0.213335379612795","0.243114561572668","8"
"8 on Scale 1 to 10","2019","Brandenburg","indirect migration background","5","","","","8"
"8 on Scale 1 to 10","2019","Mecklenburg-Western Pomerania","no migration background","125","0.213648678240954","0.180319973144471","0.246977383337437","8"
"8 on Scale 1 to 10","2019","Mecklenburg-Western Pomerania","direct migration background","4","","","","8"
"8 on Scale 1 to 10","2019","Thuringia","no migration background","209","0.250116791233078","0.22108771122078","0.279145871245376","8"
"8 on Scale 1 to 10","2019","Thuringia","direct migration background","12","","","","8"
"8 on Scale 1 to 10","2019","Thuringia","indirect migration background","2","","","","8"
"9 on Scale 1 to 10","2019","Schleswig-Holstein","direct migration background","7","","","","9"
"9 on Scale 1 to 10","2019","Schleswig-Holstein","indirect migration background","10","","","","9"
"9 on Scale 1 to 10","2019","Schleswig-Holstein","no migration background","106","0.125213406071497","0.102031791319594","0.1483950208234","9"
"9 on Scale 1 to 10","2019","Hamburg","no migration background","38","0.0904033619110544","0.061533467205078","0.119273256617031","9"
"9 on Scale 1 to 10","2019","Hamburg","direct migration background","8","","","","9"
"9 on Scale 1 to 10","2019","Lower Saxony","no migration background","221","0.0945360528473638","0.0817233152969425","0.107348790397785","9"
"9 on Scale 1 to 10","2019","Hamburg","indirect migration background","6","","","","9"
"9 on Scale 1 to 10","2019","Hesse","indirect migration background","13","","","","9"
"9 on Scale 1 to 10","2019","Rhineland-Palatinate,Saarland","no migration background","119","0.122251428637105","0.102512785546066","0.141990071728145","9"
"9 on Scale 1 to 10","2019","Rhineland-Palatinate,Saarland","direct migration background","35","0.0686529146650647","0.0405045924368096","0.0968012368933199","9"
"9 on Scale 1 to 10","2019","Rhineland-Palatinate,Saarland","indirect migration background","8","","","","9"
"9 on Scale 1 to 10","2019","Baden-Württemberg","no migration background","283","0.15346760487183","0.137891419969624","0.169043789774035","9"
"9 on Scale 1 to 10","2019","Baden-Württemberg","direct migration background","63","0.113813388443132","0.0861145427525212","0.141512234133742","9"
"9 on Scale 1 to 10","2019","Baden-Württemberg","indirect migration background","25","","","","9"
"9 on Scale 1 to 10","2019","Bavaria","no migration background","420","0.138301575602079","0.126054087119494","0.150549064084664","9"
"9 on Scale 1 to 10","2019","Bavaria","direct migration background","101","0.136344969363455","0.109903495242461","0.162786443484449","9"
"9 on Scale 1 to 10","2019","Bavaria","indirect migration background","42","0.163416769826235","0.119395118079673","0.207438421572796","9"
"9 on Scale 1 to 10","2019","Berlin","no migration background","110","0.150188112473173","0.125705902422664","0.174670322523682","9"
"9 on Scale 1 to 10","2019","Berlin","direct migration background","20","","","","9"
"9 on Scale 1 to 10","2019","Berlin","indirect migration background","13","","","","9"
"9 on Scale 1 to 10","2019","Brandenburg","no migration background","116","0.106171380610167","0.0872010793059767","0.125141681914357","9"
"9 on Scale 1 to 10","2019","Brandenburg","direct migration background","13","","","","9"
"9 on Scale 1 to 10","2019","Brandenburg","indirect migration background","4","","","","9"
"9 on Scale 1 to 10","2019","Mecklenburg-Western Pomerania","no migration background","67","0.100580737186652","0.0761239995674848","0.12503747480582","9"
"9 on Scale 1 to 10","2019","Lower Saxony","direct migration background","44","0.118343252718069","0.0854301558721753","0.151256349563963","9"
"9 on Scale 1 to 10","2019","Lower Saxony","indirect migration background","8","","","","9"
"9 on Scale 1 to 10","2019","Bremen","no migration background","18","","","","9"
"9 on Scale 1 to 10","2019","Bremen","direct migration background","7","","","","9"
"9 on Scale 1 to 10","2019","Bremen","indirect migration background","5","","","","9"
"9 on Scale 1 to 10","2019","North Rhine-Westphalia","no migration background","503","0.11883156362882","0.108620702930481","0.129042424327159","9"
"9 on Scale 1 to 10","2019","North Rhine-Westphalia","direct migration background","114","0.0956777228853237","0.0779867033257855","0.113368742444862","9"
"9 on Scale 1 to 10","2019","North Rhine-Westphalia","indirect migration background","52","0.089349343110856","0.0646656014166041","0.114033084805108","9"
"9 on Scale 1 to 10","2019","Mecklenburg-Western Pomerania","indirect migration background","1","","","","9"
"9 on Scale 1 to 10","2019","Saxony","no migration background","157","0.089536556978613","0.075331804058327","0.103741309898899","9"
"9 on Scale 1 to 10","2019","Saxony","direct migration background","7","","","","9"
"9 on Scale 1 to 10","2019","Saxony","indirect migration background","4","","","","9"
"9 on Scale 1 to 10","2019","Saxony-Anhalt","no migration background","86","0.105916796263696","0.0850442112129877","0.126789381314404","9"
"9 on Scale 1 to 10","2019","Saxony-Anhalt","direct migration background","7","","","","9"
"9 on Scale 1 to 10","2019","Saxony-Anhalt","indirect migration background","1","","","","9"
"9 on Scale 1 to 10","2019","Thuringia","no migration background","91","0.0829878996014291","0.0644969185608785","0.10147888064198","9"
"9 on Scale 1 to 10","2019","Mecklenburg-Western Pomerania","direct migration background","2","","","","9"
"9 on Scale 1 to 10","2019","Thuringia","direct migration background","6","","","","9"
"9 on Scale 1 to 10","2019","Thuringia","indirect migration background","1","","","","9"
"9 on Scale 1 to 10","2019","Hesse","no migration background","153","0.0994853226887092","0.0832148069545986","0.11575583842282","9"
"9 on Scale 1 to 10","2019","Hesse","direct migration background","37","0.0979862530621607","0.0635911752541924","0.132381330870129","9"
